9.831000000000000000e+03
9.819000000000000000e+03
9.807000000000000000e+03
9.797000000000000000e+03
9.786000000000000000e+03
9.776000000000000000e+03
9.765000000000000000e+03
9.754000000000000000e+03
9.744000000000000000e+03
9.733000000000000000e+03
9.723000000000000000e+03
9.712000000000000000e+03
9.699000000000000000e+03
9.687000000000000000e+03
9.677000000000000000e+03
9.667000000000000000e+03
9.656000000000000000e+03
9.646000000000000000e+03
9.636000000000000000e+03
9.626000000000000000e+03
9.615000000000000000e+03
9.605000000000000000e+03
9.595000000000000000e+03
9.584000000000000000e+03
9.574000000000000000e+03
9.564000000000000000e+03
9.553000000000000000e+03
9.541000000000000000e+03
9.531000000000000000e+03
9.519000000000000000e+03
9.509000000000000000e+03
9.496000000000000000e+03
9.485000000000000000e+03
9.475000000000000000e+03
9.464000000000000000e+03
9.454000000000000000e+03
9.444000000000000000e+03
9.433000000000000000e+03
9.423000000000000000e+03
9.413000000000000000e+03
9.403000000000000000e+03
9.393000000000000000e+03
9.380000000000000000e+03
9.366000000000000000e+03
9.354000000000000000e+03
9.341000000000000000e+03
9.331000000000000000e+03
9.321000000000000000e+03
9.310000000000000000e+03
9.299000000000000000e+03
9.289000000000000000e+03
9.279000000000000000e+03
9.266000000000000000e+03
9.255000000000000000e+03
9.244000000000000000e+03
9.232000000000000000e+03
9.220000000000000000e+03
9.209000000000000000e+03
9.199000000000000000e+03
9.187000000000000000e+03
9.176000000000000000e+03
9.161000000000000000e+03
9.150000000000000000e+03
9.137000000000000000e+03
9.126000000000000000e+03
9.115000000000000000e+03
9.103000000000000000e+03
9.091000000000000000e+03
9.081000000000000000e+03
9.071000000000000000e+03
9.060000000000000000e+03
9.049000000000000000e+03
9.039000000000000000e+03
9.022000000000000000e+03
9.010000000000000000e+03
8.999000000000000000e+03
8.989000000000000000e+03
8.977000000000000000e+03
8.964000000000000000e+03
8.954000000000000000e+03
8.942000000000000000e+03
8.930000000000000000e+03
8.918000000000000000e+03
8.908000000000000000e+03
8.896000000000000000e+03
8.883000000000000000e+03
8.871000000000000000e+03
8.861000000000000000e+03
8.850000000000000000e+03
8.836000000000000000e+03
8.822000000000000000e+03
8.811000000000000000e+03
8.801000000000000000e+03
8.788000000000000000e+03
8.776000000000000000e+03
8.765000000000000000e+03
8.752000000000000000e+03
8.741000000000000000e+03
8.730000000000000000e+03
8.716000000000000000e+03
8.702000000000000000e+03
8.690000000000000000e+03
8.678000000000000000e+03
8.668000000000000000e+03
8.656000000000000000e+03
8.644000000000000000e+03
8.633000000000000000e+03
8.621000000000000000e+03
8.611000000000000000e+03
8.601000000000000000e+03
8.591000000000000000e+03
8.577000000000000000e+03
8.566000000000000000e+03
8.555000000000000000e+03
8.540000000000000000e+03
8.528000000000000000e+03
8.518000000000000000e+03
8.505000000000000000e+03
8.493000000000000000e+03
8.482000000000000000e+03
8.468000000000000000e+03
8.453000000000000000e+03
8.442000000000000000e+03
8.431000000000000000e+03
8.418000000000000000e+03
8.405000000000000000e+03
8.394000000000000000e+03
8.380000000000000000e+03
8.367000000000000000e+03
8.352000000000000000e+03
8.338000000000000000e+03
8.324000000000000000e+03
8.312000000000000000e+03
8.300000000000000000e+03
8.289000000000000000e+03
8.275000000000000000e+03
8.261000000000000000e+03
8.250000000000000000e+03
8.240000000000000000e+03
8.230000000000000000e+03
8.220000000000000000e+03
8.209000000000000000e+03
8.198000000000000000e+03
8.184000000000000000e+03
8.171000000000000000e+03
8.161000000000000000e+03
8.146000000000000000e+03
8.132000000000000000e+03
8.121000000000000000e+03
8.108000000000000000e+03
8.097000000000000000e+03
8.084000000000000000e+03
8.074000000000000000e+03
8.060000000000000000e+03
8.050000000000000000e+03
8.039000000000000000e+03
8.024000000000000000e+03
8.009000000000000000e+03
7.996000000000000000e+03
7.985000000000000000e+03
7.970000000000000000e+03
7.956000000000000000e+03
7.941000000000000000e+03
7.928000000000000000e+03
7.918000000000000000e+03
7.908000000000000000e+03
7.896000000000000000e+03
7.881000000000000000e+03
7.870000000000000000e+03
7.858000000000000000e+03
7.846000000000000000e+03
7.834000000000000000e+03
7.822000000000000000e+03
7.808000000000000000e+03
7.790000000000000000e+03
7.777000000000000000e+03
7.764000000000000000e+03
7.752000000000000000e+03
7.741000000000000000e+03
7.729000000000000000e+03
7.715000000000000000e+03
7.703000000000000000e+03
7.689000000000000000e+03
7.678000000000000000e+03
7.664000000000000000e+03
7.653000000000000000e+03
7.642000000000000000e+03
7.632000000000000000e+03
7.621000000000000000e+03
7.607000000000000000e+03
7.593000000000000000e+03
7.578000000000000000e+03
7.564000000000000000e+03
7.552000000000000000e+03
7.542000000000000000e+03
7.523000000000000000e+03
7.511000000000000000e+03
7.499000000000000000e+03
7.489000000000000000e+03
7.479000000000000000e+03
7.468000000000000000e+03
7.451000000000000000e+03
7.438000000000000000e+03
7.424000000000000000e+03
7.414000000000000000e+03
7.402000000000000000e+03
7.389000000000000000e+03
7.377000000000000000e+03
7.362000000000000000e+03
7.344000000000000000e+03
7.330000000000000000e+03
7.318000000000000000e+03
7.304000000000000000e+03
7.286000000000000000e+03
7.273000000000000000e+03
7.259000000000000000e+03
7.242000000000000000e+03
7.228000000000000000e+03
7.211000000000000000e+03
7.194000000000000000e+03
7.180000000000000000e+03
7.163000000000000000e+03
7.149000000000000000e+03
7.137000000000000000e+03
7.124000000000000000e+03
7.108000000000000000e+03
7.095000000000000000e+03
7.083000000000000000e+03
7.069000000000000000e+03
7.053000000000000000e+03
7.039000000000000000e+03
7.027000000000000000e+03
7.016000000000000000e+03
6.999000000000000000e+03
6.984000000000000000e+03
6.971000000000000000e+03
6.958000000000000000e+03
6.941000000000000000e+03
6.923000000000000000e+03
6.907000000000000000e+03
6.895000000000000000e+03
6.880000000000000000e+03
6.865000000000000000e+03
6.852000000000000000e+03
6.841000000000000000e+03
6.825000000000000000e+03
6.815000000000000000e+03
6.799000000000000000e+03
6.786000000000000000e+03
6.769000000000000000e+03
6.756000000000000000e+03
6.741000000000000000e+03
6.726000000000000000e+03
6.712000000000000000e+03
6.697000000000000000e+03
6.684000000000000000e+03
6.670000000000000000e+03
6.653000000000000000e+03
6.641000000000000000e+03
6.629000000000000000e+03
6.615000000000000000e+03
6.603000000000000000e+03
6.588000000000000000e+03
6.569000000000000000e+03
6.557000000000000000e+03
6.541000000000000000e+03
6.527000000000000000e+03
6.516000000000000000e+03
6.505000000000000000e+03
6.491000000000000000e+03
6.470000000000000000e+03
6.446000000000000000e+03
6.429000000000000000e+03
6.401000000000000000e+03
6.386000000000000000e+03
6.372000000000000000e+03
6.353000000000000000e+03
6.341000000000000000e+03
6.323000000000000000e+03
6.310000000000000000e+03
6.299000000000000000e+03
6.281000000000000000e+03
6.266000000000000000e+03
6.248000000000000000e+03
6.237000000000000000e+03
6.220000000000000000e+03
6.204000000000000000e+03
6.190000000000000000e+03
6.176000000000000000e+03
6.160000000000000000e+03
6.140000000000000000e+03
6.112000000000000000e+03
6.098000000000000000e+03
6.085000000000000000e+03
6.068000000000000000e+03
6.046000000000000000e+03
6.031000000000000000e+03
6.017000000000000000e+03
5.994000000000000000e+03
5.967000000000000000e+03
5.945000000000000000e+03
5.927000000000000000e+03
5.903000000000000000e+03
5.886000000000000000e+03
5.867000000000000000e+03
5.856000000000000000e+03
5.838000000000000000e+03
5.824000000000000000e+03
5.806000000000000000e+03
5.791000000000000000e+03
5.774000000000000000e+03
5.760000000000000000e+03
5.746000000000000000e+03
5.727000000000000000e+03
5.691000000000000000e+03
5.673000000000000000e+03
5.657000000000000000e+03
5.638000000000000000e+03
5.619000000000000000e+03
5.595000000000000000e+03
5.574000000000000000e+03
5.547000000000000000e+03
5.531000000000000000e+03
5.506000000000000000e+03
5.490000000000000000e+03
5.474000000000000000e+03
5.461000000000000000e+03
5.442000000000000000e+03
5.424000000000000000e+03
5.403000000000000000e+03
5.380000000000000000e+03
5.345000000000000000e+03
5.330000000000000000e+03
5.317000000000000000e+03
5.301000000000000000e+03
5.279000000000000000e+03
5.261000000000000000e+03
5.239000000000000000e+03
5.226000000000000000e+03
5.210000000000000000e+03
5.192000000000000000e+03
5.166000000000000000e+03
5.147000000000000000e+03
5.127000000000000000e+03
5.109000000000000000e+03
5.076000000000000000e+03
5.061000000000000000e+03
5.045000000000000000e+03
5.032000000000000000e+03
5.016000000000000000e+03
5.004000000000000000e+03
4.978000000000000000e+03
4.950000000000000000e+03
4.927000000000000000e+03
4.914000000000000000e+03
4.892000000000000000e+03
4.848000000000000000e+03
4.829000000000000000e+03
4.815000000000000000e+03
4.797000000000000000e+03
4.775000000000000000e+03
4.759000000000000000e+03
4.743000000000000000e+03
4.719000000000000000e+03
4.701000000000000000e+03
4.681000000000000000e+03
4.658000000000000000e+03
4.641000000000000000e+03
4.613000000000000000e+03
4.591000000000000000e+03
4.575000000000000000e+03
4.556000000000000000e+03
4.536000000000000000e+03
4.518000000000000000e+03
4.491000000000000000e+03
4.451000000000000000e+03
4.423000000000000000e+03
4.401000000000000000e+03
4.383000000000000000e+03
4.360000000000000000e+03
4.340000000000000000e+03
4.325000000000000000e+03
4.302000000000000000e+03
4.278000000000000000e+03
4.248000000000000000e+03
4.223000000000000000e+03
4.196000000000000000e+03
4.171000000000000000e+03
4.144000000000000000e+03
4.127000000000000000e+03
4.085000000000000000e+03
4.054000000000000000e+03
4.000000000000000000e+03
3.987000000000000000e+03
3.951000000000000000e+03
3.906000000000000000e+03
3.886000000000000000e+03
3.837000000000000000e+03
3.814000000000000000e+03
3.765000000000000000e+03
3.748000000000000000e+03
3.711000000000000000e+03
3.671000000000000000e+03
3.644000000000000000e+03
3.603000000000000000e+03
3.574000000000000000e+03
3.531000000000000000e+03
3.471000000000000000e+03
3.452000000000000000e+03
3.408000000000000000e+03
3.363000000000000000e+03
3.303000000000000000e+03
3.277000000000000000e+03
3.230000000000000000e+03
3.201000000000000000e+03
3.157000000000000000e+03
3.114000000000000000e+03
3.088000000000000000e+03
3.071000000000000000e+03
3.044000000000000000e+03
2.977000000000000000e+03
2.950000000000000000e+03
2.917000000000000000e+03
2.865000000000000000e+03
2.821000000000000000e+03
2.724000000000000000e+03
2.681000000000000000e+03
2.652000000000000000e+03
2.623000000000000000e+03
2.552000000000000000e+03
2.504000000000000000e+03
2.463000000000000000e+03
2.440000000000000000e+03
2.407000000000000000e+03
2.382000000000000000e+03
2.321000000000000000e+03
2.220000000000000000e+03
2.159000000000000000e+03
2.101000000000000000e+03
1.998000000000000000e+03
1.943000000000000000e+03
1.894000000000000000e+03
1.868000000000000000e+03
1.714000000000000000e+03
1.682000000000000000e+03
1.571000000000000000e+03
1.446000000000000000e+03
1.384000000000000000e+03
1.332000000000000000e+03
1.269000000000000000e+03
1.228000000000000000e+03
1.144000000000000000e+03
9.930000000000000000e+02
6.330000000000000000e+02
5.080000000000000000e+02
4.680000000000000000e+02
2.720000000000000000e+02
2.100000000000000000e+02
7.100000000000000000e+01
2.300000000000000000e+01
