9.831000000000000000e+03
9.821000000000000000e+03
9.809000000000000000e+03
9.798000000000000000e+03
9.788000000000000000e+03
9.777000000000000000e+03
9.766000000000000000e+03
9.755000000000000000e+03
9.744000000000000000e+03
9.733000000000000000e+03
9.719000000000000000e+03
9.708000000000000000e+03
9.698000000000000000e+03
9.688000000000000000e+03
9.677000000000000000e+03
9.666000000000000000e+03
9.655000000000000000e+03
9.643000000000000000e+03
9.633000000000000000e+03
9.623000000000000000e+03
9.610000000000000000e+03
9.599000000000000000e+03
9.589000000000000000e+03
9.579000000000000000e+03
9.568000000000000000e+03
9.557000000000000000e+03
9.546000000000000000e+03
9.534000000000000000e+03
9.522000000000000000e+03
9.511000000000000000e+03
9.499000000000000000e+03
9.486000000000000000e+03
9.476000000000000000e+03
9.465000000000000000e+03
9.455000000000000000e+03
9.445000000000000000e+03
9.435000000000000000e+03
9.425000000000000000e+03
9.412000000000000000e+03
9.400000000000000000e+03
9.388000000000000000e+03
9.376000000000000000e+03
9.366000000000000000e+03
9.356000000000000000e+03
9.346000000000000000e+03
9.335000000000000000e+03
9.323000000000000000e+03
9.312000000000000000e+03
9.301000000000000000e+03
9.288000000000000000e+03
9.275000000000000000e+03
9.262000000000000000e+03
9.252000000000000000e+03
9.242000000000000000e+03
9.230000000000000000e+03
9.220000000000000000e+03
9.210000000000000000e+03
9.198000000000000000e+03
9.187000000000000000e+03
9.175000000000000000e+03
9.163000000000000000e+03
9.151000000000000000e+03
9.140000000000000000e+03
9.129000000000000000e+03
9.119000000000000000e+03
9.109000000000000000e+03
9.099000000000000000e+03
9.088000000000000000e+03
9.076000000000000000e+03
9.066000000000000000e+03
9.055000000000000000e+03
9.045000000000000000e+03
9.034000000000000000e+03
9.024000000000000000e+03
9.013000000000000000e+03
9.000000000000000000e+03
8.988000000000000000e+03
8.976000000000000000e+03
8.966000000000000000e+03
8.954000000000000000e+03
8.943000000000000000e+03
8.932000000000000000e+03
8.922000000000000000e+03
8.911000000000000000e+03
8.900000000000000000e+03
8.890000000000000000e+03
8.880000000000000000e+03
8.868000000000000000e+03
8.857000000000000000e+03
8.846000000000000000e+03
8.831000000000000000e+03
8.819000000000000000e+03
8.807000000000000000e+03
8.796000000000000000e+03
8.784000000000000000e+03
8.773000000000000000e+03
8.763000000000000000e+03
8.753000000000000000e+03
8.742000000000000000e+03
8.729000000000000000e+03
8.717000000000000000e+03
8.706000000000000000e+03
8.695000000000000000e+03
8.685000000000000000e+03
8.675000000000000000e+03
8.665000000000000000e+03
8.655000000000000000e+03
8.644000000000000000e+03
8.632000000000000000e+03
8.622000000000000000e+03
8.612000000000000000e+03
8.601000000000000000e+03
8.590000000000000000e+03
8.578000000000000000e+03
8.568000000000000000e+03
8.556000000000000000e+03
8.545000000000000000e+03
8.535000000000000000e+03
8.525000000000000000e+03
8.512000000000000000e+03
8.500000000000000000e+03
8.490000000000000000e+03
8.477000000000000000e+03
8.466000000000000000e+03
8.455000000000000000e+03
8.444000000000000000e+03
8.432000000000000000e+03
8.420000000000000000e+03
8.408000000000000000e+03
8.397000000000000000e+03
8.387000000000000000e+03
8.377000000000000000e+03
8.367000000000000000e+03
8.354000000000000000e+03
8.341000000000000000e+03
8.331000000000000000e+03
8.318000000000000000e+03
8.306000000000000000e+03
8.294000000000000000e+03
8.284000000000000000e+03
8.270000000000000000e+03
8.258000000000000000e+03
8.248000000000000000e+03
8.237000000000000000e+03
8.226000000000000000e+03
8.216000000000000000e+03
8.206000000000000000e+03
8.195000000000000000e+03
8.181000000000000000e+03
8.171000000000000000e+03
8.161000000000000000e+03
8.150000000000000000e+03
8.139000000000000000e+03
8.128000000000000000e+03
8.117000000000000000e+03
8.104000000000000000e+03
8.094000000000000000e+03
8.082000000000000000e+03
8.071000000000000000e+03
8.059000000000000000e+03
8.048000000000000000e+03
8.036000000000000000e+03
8.024000000000000000e+03
8.013000000000000000e+03
7.998000000000000000e+03
7.987000000000000000e+03
7.976000000000000000e+03
7.964000000000000000e+03
7.952000000000000000e+03
7.938000000000000000e+03
7.926000000000000000e+03
7.912000000000000000e+03
7.902000000000000000e+03
7.889000000000000000e+03
7.878000000000000000e+03
7.865000000000000000e+03
7.855000000000000000e+03
7.845000000000000000e+03
7.835000000000000000e+03
7.821000000000000000e+03
7.808000000000000000e+03
7.797000000000000000e+03
7.786000000000000000e+03
7.775000000000000000e+03
7.764000000000000000e+03
7.754000000000000000e+03
7.744000000000000000e+03
7.733000000000000000e+03
7.723000000000000000e+03
7.708000000000000000e+03
7.697000000000000000e+03
7.685000000000000000e+03
7.675000000000000000e+03
7.663000000000000000e+03
7.650000000000000000e+03
7.637000000000000000e+03
7.624000000000000000e+03
7.610000000000000000e+03
7.600000000000000000e+03
7.586000000000000000e+03
7.572000000000000000e+03
7.561000000000000000e+03
7.549000000000000000e+03
7.538000000000000000e+03
7.524000000000000000e+03
7.513000000000000000e+03
7.502000000000000000e+03
7.491000000000000000e+03
7.479000000000000000e+03
7.467000000000000000e+03
7.455000000000000000e+03
7.444000000000000000e+03
7.433000000000000000e+03
7.419000000000000000e+03
7.408000000000000000e+03
7.397000000000000000e+03
7.385000000000000000e+03
7.374000000000000000e+03
7.364000000000000000e+03
7.354000000000000000e+03
7.340000000000000000e+03
7.330000000000000000e+03
7.319000000000000000e+03
7.305000000000000000e+03
7.294000000000000000e+03
7.283000000000000000e+03
7.270000000000000000e+03
7.260000000000000000e+03
7.249000000000000000e+03
7.234000000000000000e+03
7.223000000000000000e+03
7.212000000000000000e+03
7.201000000000000000e+03
7.191000000000000000e+03
7.181000000000000000e+03
7.169000000000000000e+03
7.158000000000000000e+03
7.144000000000000000e+03
7.131000000000000000e+03
7.117000000000000000e+03
7.105000000000000000e+03
7.092000000000000000e+03
7.081000000000000000e+03
7.069000000000000000e+03
7.057000000000000000e+03
7.045000000000000000e+03
7.032000000000000000e+03
7.022000000000000000e+03
7.009000000000000000e+03
6.998000000000000000e+03
6.984000000000000000e+03
6.971000000000000000e+03
6.959000000000000000e+03
6.949000000000000000e+03
6.934000000000000000e+03
6.924000000000000000e+03
6.913000000000000000e+03
6.901000000000000000e+03
6.889000000000000000e+03
6.876000000000000000e+03
6.865000000000000000e+03
6.854000000000000000e+03
6.838000000000000000e+03
6.828000000000000000e+03
6.815000000000000000e+03
6.802000000000000000e+03
6.790000000000000000e+03
6.768000000000000000e+03
6.752000000000000000e+03
6.738000000000000000e+03
6.725000000000000000e+03
6.714000000000000000e+03
6.704000000000000000e+03
6.693000000000000000e+03
6.681000000000000000e+03
6.664000000000000000e+03
6.649000000000000000e+03
6.639000000000000000e+03
6.626000000000000000e+03
6.614000000000000000e+03
6.595000000000000000e+03
6.581000000000000000e+03
6.568000000000000000e+03
6.557000000000000000e+03
6.545000000000000000e+03
6.532000000000000000e+03
6.519000000000000000e+03
6.508000000000000000e+03
6.498000000000000000e+03
6.487000000000000000e+03
6.476000000000000000e+03
6.465000000000000000e+03
6.453000000000000000e+03
6.442000000000000000e+03
6.429000000000000000e+03
6.412000000000000000e+03
6.401000000000000000e+03
6.391000000000000000e+03
6.377000000000000000e+03
6.367000000000000000e+03
6.355000000000000000e+03
6.341000000000000000e+03
6.330000000000000000e+03
6.317000000000000000e+03
6.307000000000000000e+03
6.288000000000000000e+03
6.275000000000000000e+03
6.261000000000000000e+03
6.247000000000000000e+03
6.232000000000000000e+03
6.220000000000000000e+03
6.209000000000000000e+03
6.196000000000000000e+03
6.184000000000000000e+03
6.170000000000000000e+03
6.157000000000000000e+03
6.145000000000000000e+03
6.130000000000000000e+03
6.118000000000000000e+03
6.107000000000000000e+03
6.088000000000000000e+03
6.075000000000000000e+03
6.061000000000000000e+03
6.044000000000000000e+03
6.031000000000000000e+03
6.015000000000000000e+03
6.001000000000000000e+03
5.977000000000000000e+03
5.966000000000000000e+03
5.950000000000000000e+03
5.940000000000000000e+03
5.927000000000000000e+03
5.914000000000000000e+03
5.899000000000000000e+03
5.888000000000000000e+03
5.876000000000000000e+03
5.859000000000000000e+03
5.846000000000000000e+03
5.834000000000000000e+03
5.821000000000000000e+03
5.808000000000000000e+03
5.798000000000000000e+03
5.785000000000000000e+03
5.766000000000000000e+03
5.755000000000000000e+03
5.743000000000000000e+03
5.724000000000000000e+03
5.710000000000000000e+03
5.696000000000000000e+03
5.683000000000000000e+03
5.670000000000000000e+03
5.656000000000000000e+03
5.646000000000000000e+03
5.630000000000000000e+03
5.619000000000000000e+03
5.595000000000000000e+03
5.584000000000000000e+03
5.570000000000000000e+03
5.552000000000000000e+03
5.541000000000000000e+03
5.527000000000000000e+03
5.517000000000000000e+03
5.498000000000000000e+03
5.488000000000000000e+03
5.475000000000000000e+03
5.463000000000000000e+03
5.451000000000000000e+03
5.436000000000000000e+03
5.423000000000000000e+03
5.413000000000000000e+03
5.402000000000000000e+03
5.386000000000000000e+03
5.374000000000000000e+03
5.353000000000000000e+03
5.335000000000000000e+03
5.323000000000000000e+03
5.308000000000000000e+03
5.292000000000000000e+03
5.277000000000000000e+03
5.264000000000000000e+03
5.251000000000000000e+03
5.240000000000000000e+03
5.230000000000000000e+03
5.216000000000000000e+03
5.205000000000000000e+03
5.191000000000000000e+03
5.178000000000000000e+03
5.166000000000000000e+03
5.154000000000000000e+03
5.139000000000000000e+03
5.128000000000000000e+03
5.113000000000000000e+03
5.102000000000000000e+03
5.090000000000000000e+03
5.074000000000000000e+03
5.062000000000000000e+03
5.046000000000000000e+03
5.031000000000000000e+03
5.018000000000000000e+03
5.005000000000000000e+03
4.993000000000000000e+03
4.980000000000000000e+03
4.968000000000000000e+03
4.956000000000000000e+03
4.944000000000000000e+03
4.933000000000000000e+03
4.923000000000000000e+03
4.911000000000000000e+03
4.899000000000000000e+03
4.886000000000000000e+03
4.872000000000000000e+03
4.855000000000000000e+03
4.836000000000000000e+03
4.814000000000000000e+03
4.802000000000000000e+03
4.790000000000000000e+03
4.771000000000000000e+03
4.752000000000000000e+03
4.737000000000000000e+03
4.724000000000000000e+03
4.707000000000000000e+03
4.690000000000000000e+03
4.676000000000000000e+03
4.662000000000000000e+03
4.650000000000000000e+03
4.635000000000000000e+03
4.619000000000000000e+03
4.606000000000000000e+03
4.589000000000000000e+03
4.563000000000000000e+03
4.548000000000000000e+03
4.534000000000000000e+03
4.518000000000000000e+03
4.496000000000000000e+03
4.479000000000000000e+03
4.458000000000000000e+03
4.443000000000000000e+03
4.432000000000000000e+03
4.419000000000000000e+03
4.406000000000000000e+03
4.387000000000000000e+03
4.372000000000000000e+03
4.355000000000000000e+03
4.340000000000000000e+03
4.325000000000000000e+03
4.310000000000000000e+03
4.295000000000000000e+03
4.282000000000000000e+03
4.261000000000000000e+03
4.244000000000000000e+03
4.233000000000000000e+03
4.219000000000000000e+03
4.197000000000000000e+03
4.181000000000000000e+03
4.168000000000000000e+03
4.153000000000000000e+03
4.142000000000000000e+03
4.128000000000000000e+03
4.117000000000000000e+03
4.103000000000000000e+03
4.089000000000000000e+03
4.072000000000000000e+03
4.052000000000000000e+03
4.039000000000000000e+03
4.017000000000000000e+03
3.999000000000000000e+03
3.988000000000000000e+03
3.975000000000000000e+03
3.960000000000000000e+03
3.947000000000000000e+03
3.932000000000000000e+03
3.918000000000000000e+03
3.906000000000000000e+03
3.882000000000000000e+03
3.869000000000000000e+03
3.852000000000000000e+03
3.829000000000000000e+03
3.805000000000000000e+03
3.788000000000000000e+03
3.755000000000000000e+03
3.737000000000000000e+03
3.714000000000000000e+03
3.699000000000000000e+03
3.685000000000000000e+03
3.661000000000000000e+03
3.646000000000000000e+03
3.631000000000000000e+03
3.616000000000000000e+03
3.602000000000000000e+03
3.587000000000000000e+03
3.561000000000000000e+03
3.546000000000000000e+03
3.516000000000000000e+03
3.492000000000000000e+03
3.472000000000000000e+03
3.447000000000000000e+03
3.436000000000000000e+03
3.419000000000000000e+03
3.402000000000000000e+03
3.376000000000000000e+03
3.353000000000000000e+03
3.315000000000000000e+03
3.289000000000000000e+03
3.273000000000000000e+03
3.233000000000000000e+03
3.218000000000000000e+03
3.202000000000000000e+03
3.185000000000000000e+03
3.162000000000000000e+03
3.148000000000000000e+03
3.125000000000000000e+03
3.104000000000000000e+03
3.091000000000000000e+03
3.061000000000000000e+03
3.037000000000000000e+03
3.021000000000000000e+03
2.993000000000000000e+03
2.978000000000000000e+03
2.945000000000000000e+03
2.920000000000000000e+03
2.896000000000000000e+03
2.873000000000000000e+03
2.854000000000000000e+03
2.829000000000000000e+03
2.810000000000000000e+03
2.800000000000000000e+03
2.769000000000000000e+03
2.748000000000000000e+03
2.727000000000000000e+03
2.714000000000000000e+03
2.687000000000000000e+03
2.666000000000000000e+03
2.647000000000000000e+03
2.626000000000000000e+03
2.601000000000000000e+03
2.580000000000000000e+03
2.563000000000000000e+03
2.547000000000000000e+03
2.525000000000000000e+03
2.494000000000000000e+03
2.476000000000000000e+03
2.446000000000000000e+03
2.429000000000000000e+03
2.406000000000000000e+03
2.389000000000000000e+03
2.376000000000000000e+03
2.309000000000000000e+03
2.269000000000000000e+03
2.238000000000000000e+03
2.216000000000000000e+03
2.192000000000000000e+03
2.175000000000000000e+03
2.142000000000000000e+03
2.104000000000000000e+03
2.071000000000000000e+03
2.051000000000000000e+03
2.023000000000000000e+03
2.003000000000000000e+03
1.987000000000000000e+03
1.963000000000000000e+03
1.933000000000000000e+03
1.908000000000000000e+03
1.875000000000000000e+03
1.845000000000000000e+03
1.824000000000000000e+03
1.802000000000000000e+03
1.735000000000000000e+03
1.722000000000000000e+03
1.699000000000000000e+03
1.666000000000000000e+03
1.632000000000000000e+03
1.602000000000000000e+03
1.563000000000000000e+03
1.528000000000000000e+03
1.487000000000000000e+03
1.462000000000000000e+03
1.420000000000000000e+03
1.367000000000000000e+03
1.347000000000000000e+03
1.332000000000000000e+03
1.280000000000000000e+03
1.245000000000000000e+03
1.179000000000000000e+03
1.127000000000000000e+03
1.082000000000000000e+03
9.970000000000000000e+02
8.970000000000000000e+02
7.520000000000000000e+02
5.800000000000000000e+02
5.540000000000000000e+02
4.130000000000000000e+02
3.800000000000000000e+02
3.450000000000000000e+02
2.740000000000000000e+02
2.130000000000000000e+02
1.490000000000000000e+02
1.210000000000000000e+02
4.100000000000000000e+01
1.900000000000000000e+01
