4.817788758492896678e-04
4.844720496894409901e-04
4.858420639567476141e-04
4.878170811027167549e-04
4.900359359686376568e-04
4.920701010636284369e-04
4.944657867711383954e-04
4.960885327227628188e-04
4.987020958275257751e-04
5.008926163290992623e-04
5.026874444143691629e-04
5.049720323182100819e-04
5.067040848144683477e-04
5.087067110154568431e-04
5.105848159930874604e-04
5.123085411029083044e-04
5.144304331768058056e-04
5.178182590684582767e-04
5.196051001239058260e-04
5.217740317078065418e-04
4.832798593118631811e-04
4.844635239338438196e-04
4.863616098569286165e-04
4.879635653871177694e-04
4.908310041584293014e-04
4.923817599912465445e-04
4.942407226897677953e-04
4.963600264725347199e-04
4.979046512592838827e-04
5.005005005005004962e-04
5.023302542349230952e-04
5.041381338486745521e-04
5.064644560431057121e-04
5.084673945283258844e-04
5.114871488853843040e-04
5.140286999357464390e-04
5.158110412218990751e-04
5.185003816738921164e-04
5.202537682269462848e-04
5.222538153542621636e-04
5.247048535198950295e-04
5.273798013536081658e-04
5.297233666862860004e-04
5.321507760532150771e-04
5.347911343514172083e-04
5.371771341599892264e-04
5.392450569203116086e-04
5.416873561142960440e-04
5.440531963125283706e-04
5.474535804984868902e-04
5.496183206106870691e-04
5.519186839805602157e-04
5.543920167549587627e-04
5.562250857513674138e-04
5.581654960695846138e-04
5.600672080649678457e-04
5.626318668437914772e-04
5.648121999435188126e-04
5.668398677373642476e-04
5.698456667985753697e-04
5.718006956908464229e-04
5.745750538664113520e-04
5.767197462433116704e-04
5.790853668344942209e-04
5.817617685557763957e-04
5.857087075361186662e-04
5.883602726069263019e-04
5.909971435138063143e-04
5.939809926082365195e-04
5.959771542090886711e-04
5.985634477254589024e-04
6.013731353256602814e-04
6.034901849026871662e-04
6.063872793424066347e-04
6.084267099325659867e-04
6.112677012938500052e-04
6.136224176723256273e-04
5.653686031969024865e-04
5.685636015919780673e-04
5.189144310103263732e-04
5.206435153850159101e-04
5.232679829763483247e-04
4.730949168579488503e-04
4.747085816762487351e-04
4.239608542811214016e-04
4.258188140946027734e-04
4.277769855981748432e-04
4.299611243483401901e-04
4.323078031558469435e-04
4.346330067549212996e-04
4.367368478518006089e-04
4.391100702576112408e-04
4.412332469251558005e-04
4.428861413544934599e-04
4.441483455474128442e-04
4.465199352546093655e-04
4.487155517331637973e-04
4.507888805409466701e-04
4.531550923303500787e-04
4.546573967075227016e-04
4.572125276232568520e-04
4.589085624689280465e-04
4.606702752504894397e-04
4.624366558122507392e-04
4.653507581339434360e-04
4.673443159247575628e-04
4.700260472767866138e-04
4.727201103013590707e-04
4.748901816454944918e-04
4.771656361214386623e-04
4.791566842357451077e-04
4.815505929091675320e-04
4.835882246267303214e-04
4.851130919895700567e-04
4.272026364505563810e-04
4.293776069354706781e-04
4.317434210526315658e-04
4.339829300047531326e-04
4.358564579398518197e-04
4.379196730199774691e-04
4.398919122729843482e-04
4.418541039829991198e-04
4.431969271679716605e-04
4.451982192071231585e-04
4.472462410018316031e-04
4.491402172983146495e-04
4.511665878915481292e-04
4.534657741308572459e-04
4.556797222523597656e-04
4.573270323831093716e-04
4.590364606102999160e-04
4.621478873239436426e-04
4.640781419195155657e-04
4.662418685197930826e-04
4.685931049871694615e-04
4.709364908503767613e-04
4.738053336943278608e-04
4.760393525864805068e-04
4.781747387116606278e-04
4.811217008797654023e-04
4.830917874396135144e-04
4.852462046814705527e-04
4.874538659733989427e-04
4.899559039686428134e-04
4.932124571374888128e-04
4.952947003467062653e-04
4.974299452827060306e-04
4.995361450082066914e-04
5.010378641471619973e-04
5.031868500503186310e-04
5.050262132653552446e-04
5.075283369988157177e-04
5.097087378640776647e-04
5.120827135506840011e-04
5.146932673218793542e-04
5.173178302212150118e-04
5.204718945176960241e-04
5.236646551294199710e-04
5.267514485664835438e-04
5.288074133763094814e-04
4.550970873786407914e-04
4.575146785959382958e-04
3.836905919066864326e-04
3.863689050305231239e-04
3.878875643246877366e-04
3.894485408661335396e-04
3.908692933083176982e-04
3.927832621959203132e-04
3.164473510719654180e-04
3.176451903224098761e-04
3.197101294826024424e-04
3.214658844330145634e-04
3.226847370119393277e-04
3.240265701787546789e-04
3.258124949091797495e-04
3.275645575148768986e-04
3.291458664764935083e-04
3.310984190050492377e-04
3.332963004110654510e-04
3.346813554594896181e-04
3.363794360038123042e-04
3.378093066463981110e-04
3.392226148409893997e-04
3.411610848922499496e-04
3.431610855329005625e-04
3.448573152858005141e-04
3.467907406872236639e-04
2.618029496465660265e-04
2.632733655111891440e-04
2.644181332079795742e-04
2.655415572537101875e-04
2.666192676857447757e-04
2.679767753461366432e-04
2.696790818925478552e-04
2.713376948355392245e-04
2.727520683698517927e-04
2.743400597451685894e-04
2.757521906979594158e-04
2.771191920436000852e-04
2.786118936321703844e-04
2.798333436975312667e-04
2.819107282693813403e-04
2.837058285786338003e-04
2.856326763781776609e-04
2.874113814907070289e-04
2.884338044418805619e-04
2.896498455200823929e-04
2.912338607902145607e-04
2.926258291065157811e-04
2.944929812506135174e-04
2.963450773789924240e-04
2.976978036517597022e-04
2.993812786907058604e-04
3.013359225901496904e-04
3.030711206896551818e-04
3.046097610505652431e-04
3.063725490196078389e-04
3.080082135523614186e-04
3.097786803428217127e-04
3.126411227290096305e-04
3.140922733300761027e-04
3.158559696778268891e-04
3.174603174603174600e-04
3.192168546499255248e-04
3.210730976418964744e-04
3.233455486096141192e-04
3.246753246753246750e-04
3.267024829388703215e-04
3.290676416819012982e-04
3.301056338028168953e-04
3.314306757503221977e-04
3.339393714518942022e-04
3.353579014047769870e-04
3.377490899538409608e-04
3.400460951373408662e-04
3.414005007207344109e-04
3.425309229305423362e-04
3.453701216470317576e-04
3.479471120389700961e-04
3.509319192076737004e-04
3.525540582889376273e-04
3.543865175618207577e-04
3.575543283937865011e-04
3.600864207409778324e-04
3.626692456479690681e-04
3.648451435057564664e-04
3.676020095576522720e-04
3.702027888610094240e-04
3.720545680033071753e-04
3.742670603401671752e-04
3.760655189704162002e-04
3.789952415041899906e-04
3.810814243976796164e-04
3.838280450358239320e-04
3.864153535700485436e-04
3.892733564013840840e-04
3.919689908976089999e-04
3.943390439468956628e-04
3.967554223241050951e-04
3.986710963455149725e-04
4.012304400160492373e-04
4.034065441506050884e-04
4.053506282934738478e-04
4.081632653061224641e-04
4.108463434675431198e-04
4.134319445082456691e-04
4.160502958579881763e-04
4.190919674039580642e-04
4.213088662110289154e-04
4.255520355572367281e-04
4.280414724626652808e-04
4.311583788444955500e-04
4.336513443191673746e-04
4.370417132035157685e-04
4.404639553663191914e-04
4.423908769170271362e-04
4.444444444444444657e-04
4.471605306304963514e-04
4.493484447551051079e-04
4.522840343735866136e-04
4.552352048558422110e-04
4.586688410967281479e-04
4.617752693689071062e-04
4.661521727870720361e-04
4.688721021099244717e-04
4.720939991607218055e-04
4.748588613939745814e-04
4.781130471738206304e-04
3.214572729708009471e-04
3.236944324557617606e-04
3.262465336305801875e-04
3.286770747740344958e-04
3.304692663582286692e-04
3.326495536951821173e-04
3.360591464097681413e-04
3.381424706943192307e-04
3.400974946151229814e-04
3.424071220681389931e-04
3.459409594095940723e-04
3.484118227745194906e-04
3.506721215663354549e-04
3.541912632821723876e-04
3.576964349588648904e-04
3.597769382982550848e-04
3.619691119691119505e-04
3.643429681807141239e-04
3.671970624235006012e-04
3.696857670979667126e-04
3.730183400683866708e-04
3.764823994478258139e-04
3.793147047667214436e-04
3.818737270875763659e-04
3.840983291722680913e-04
3.870718018192374787e-04
3.907267517582703660e-04
3.932105642571597252e-04
3.967991534951392134e-04
3.997867803837953015e-04
4.019831167090982403e-04
4.063388866314506160e-04
4.103125213704438045e-04
4.138787335310754097e-04
4.163486225799736102e-04
4.212299915754001462e-04
4.234895539243365586e-04
4.271982912068351739e-04
4.307250538406317349e-04
4.344677769732078446e-04
4.377006127808579167e-04
4.410143329658214079e-04
4.471605306304963514e-04
4.510260843418777621e-04
4.532064355313845548e-04
4.560310101086874042e-04
4.584001833600733562e-04
4.605111673958093275e-04
4.637501932292471883e-04
4.671805652884839736e-04
4.707359171504785678e-04
4.750217718312089218e-04
4.795013186286262120e-04
4.870920603994155084e-04
4.901159941186080228e-04
4.943968358602505086e-04
4.980079681274900312e-04
5.025546528184940322e-04
5.062863893342333613e-04
5.098139179199592461e-04
5.148005148005147620e-04
5.197505197505197794e-04
5.239717055279015379e-04
5.278901988386415587e-04
5.341880341880342418e-04
5.374899220639612523e-04
5.406379527842854497e-04
5.461993627674101119e-04
5.548363232846310108e-04
5.613772455089820158e-04
5.651313930488838797e-04
5.717552887364208032e-04
5.769230769230769768e-04
5.800464037122969596e-04
5.839984426708195574e-04
5.902606984751598753e-04
5.949429846306396059e-04
5.987426404550444479e-04
6.041687644748766108e-04
6.087044739778836935e-04
3.070624360286591781e-04
3.101416313449808495e-04
3.127606338615512805e-04
3.156897821740503205e-04
3.191489361702127495e-04
3.220266208673250503e-04
3.259806584809301212e-04
3.306878306878306695e-04
3.332963004110654510e-04
3.366247755834829566e-04
3.391363328057879468e-04
3.420752565564424389e-04
3.451052571034165291e-04
3.484725287489836231e-04
3.524436090225563714e-04
3.559985760056959964e-04
3.591524003352088916e-04
3.620127911186195508e-04
0.000000000000000000e+00
0.000000000000000000e+00
0.000000000000000000e+00
0.000000000000000000e+00
0.000000000000000000e+00
0.000000000000000000e+00
0.000000000000000000e+00
0.000000000000000000e+00
0.000000000000000000e+00
0.000000000000000000e+00
0.000000000000000000e+00
0.000000000000000000e+00
0.000000000000000000e+00
0.000000000000000000e+00
0.000000000000000000e+00
0.000000000000000000e+00
0.000000000000000000e+00
0.000000000000000000e+00
0.000000000000000000e+00
0.000000000000000000e+00
0.000000000000000000e+00
0.000000000000000000e+00
0.000000000000000000e+00
0.000000000000000000e+00
0.000000000000000000e+00
0.000000000000000000e+00
0.000000000000000000e+00
0.000000000000000000e+00
0.000000000000000000e+00
0.000000000000000000e+00
0.000000000000000000e+00
0.000000000000000000e+00
0.000000000000000000e+00
0.000000000000000000e+00
0.000000000000000000e+00
0.000000000000000000e+00
0.000000000000000000e+00
0.000000000000000000e+00
0.000000000000000000e+00
0.000000000000000000e+00
0.000000000000000000e+00
0.000000000000000000e+00
0.000000000000000000e+00
0.000000000000000000e+00
0.000000000000000000e+00
0.000000000000000000e+00
0.000000000000000000e+00
0.000000000000000000e+00
0.000000000000000000e+00
0.000000000000000000e+00
0.000000000000000000e+00
0.000000000000000000e+00
0.000000000000000000e+00
0.000000000000000000e+00
0.000000000000000000e+00
0.000000000000000000e+00
0.000000000000000000e+00
0.000000000000000000e+00
0.000000000000000000e+00
0.000000000000000000e+00
0.000000000000000000e+00
0.000000000000000000e+00
0.000000000000000000e+00
0.000000000000000000e+00
0.000000000000000000e+00
0.000000000000000000e+00
0.000000000000000000e+00
0.000000000000000000e+00
0.000000000000000000e+00
0.000000000000000000e+00
0.000000000000000000e+00
0.000000000000000000e+00
0.000000000000000000e+00
0.000000000000000000e+00
