4.817788758492896678e-04
4.836429474937374421e-04
4.849781138081973538e-04
4.859994766159482396e-04
4.876645867980443578e-04
4.886789379377748507e-04
4.906277519184802692e-04
4.922191511112794255e-04
4.939022073629420863e-04
4.957102001906577883e-04
4.972777232330702910e-04
4.986319584729076264e-04
5.001923816852635795e-04
5.014271387796035134e-04
5.033686982111050577e-04
4.659349761855456347e-04
4.677815460180095733e-04
4.698082921163558427e-04
4.318862961169495692e-04
4.333495292248296235e-04
4.349487946646280975e-04
4.363232494182356478e-04
4.372424575676069720e-04
4.385615182202376276e-04
4.401701991436688765e-04
4.414538546947948815e-04
4.432445501067816605e-04
4.450258249834801189e-04
4.469425069411525533e-04
4.484183063376453700e-04
4.498364231188658525e-04
4.512450260491446870e-04
4.523460310062642968e-04
4.541201078879286484e-04
4.140501000621075339e-04
4.150755437489622984e-04
4.163370664890295278e-04
4.179961265692271185e-04
4.195628155462008358e-04
4.214430209035738176e-04
4.234835758953148861e-04
4.248870508589799909e-04
4.260395364689843257e-04
4.274356709315247911e-04
4.289574903127100223e-04
4.305457885446117199e-04
4.322268326417703834e-04
3.902636447733579829e-04
3.913837590235699922e-04
3.927672635759277145e-04
3.940340328653571121e-04
3.954885015380108209e-04
3.970529845149336134e-04
3.982418360423611251e-04
3.999881484993037212e-04
4.016900737919542751e-04
4.030331979937903236e-04
4.047551231504939494e-04
4.064367539251253288e-04
4.077441179135582352e-04
4.095252540573335407e-04
4.106214070626882013e-04
4.118302039322158060e-04
4.129892775746822056e-04
4.142947016310935581e-04
4.155764198861012777e-04
4.167374091280927101e-04
4.176786349643426014e-04
4.190789575798966444e-04
4.203512268028397072e-04
4.220992402213675902e-04
4.236955668889760569e-04
4.248890567462940420e-04
4.260892893777518424e-04
4.276956707693769632e-04
4.288641453690613986e-04
4.297857438476966737e-04
4.314960126572163837e-04
4.324774551104419132e-04
4.341813269867815734e-04
4.352030947775628600e-04
4.366459125090968126e-04
4.377857768265395609e-04
4.389173372348207833e-04
4.402413174629055885e-04
4.415444242751312355e-04
4.430151281462277866e-04
4.443859244873103222e-04
4.460671744122651989e-04
4.480881571959638974e-04
4.501350405121536352e-04
4.515050167224080122e-04
4.529517354761864573e-04
4.542854258505232661e-04
4.056040966013756631e-04
4.066900513446189565e-04
4.081424417121575290e-04
4.095702925014505749e-04
4.113251525330774059e-04
4.130240242307427461e-04
4.146724951189591679e-04
4.160238520341832903e-04
4.171228948328901541e-04
4.190163590970197261e-04
4.210083149142195436e-04
4.224831446828735651e-04
4.236914114220143154e-04
4.253056884635831886e-04
4.269323134394734705e-04
4.289697576320869151e-04
4.303388918773534363e-04
4.317245597308917108e-04
4.329941545789131683e-04
4.343812781669110145e-04
4.360544341285270279e-04
4.375888852423148213e-04
4.390458071125420518e-04
4.400198008910401084e-04
4.418180814049815146e-04
4.430741964664832800e-04
4.445020650825107179e-04
4.461298237787196335e-04
4.477444871460020052e-04
4.489337822671156061e-04
4.505096390291517304e-04
4.518837905518631047e-04
4.539264639128461304e-04
4.557452384117278272e-04
4.579278763594733879e-04
4.594796393084831562e-04
4.610862423392441951e-04
4.624366558122507392e-04
4.639474192924801662e-04
4.664904369460426219e-04
4.686401624619229689e-04
4.701365354855139081e-04
4.718557694198140229e-04
4.738120150830158329e-04
4.751346214760848903e-04
4.764646324273887892e-04
4.187187207146132587e-04
4.202353317858000372e-04
4.220851003959560292e-04
3.634968395969224129e-04
3.645864981466853281e-04
3.664122137404579919e-04
3.671296579575353530e-04
3.683844296181081534e-04
3.694277973893768841e-04
3.712029036316017295e-04
3.719085105064154112e-04
3.730338010071912848e-04
3.745630098218744996e-04
3.758378051072181576e-04
3.774692781948580061e-04
3.782545653224620341e-04
3.797708715741502858e-04
3.818818287896467599e-04
3.833784157951907324e-04
3.844839371155160711e-04
3.856123738726193535e-04
3.870634784104592962e-04
3.891218816204764690e-04
3.902777476637540595e-04
3.914064538575280703e-04
3.926273312247791514e-04
3.940886699507389402e-04
3.956652671839623603e-04
3.969479116129316599e-04
3.982917708494678605e-04
3.996625072161285913e-04
4.006410256410256271e-04
4.025854935027174328e-04
4.044398508066328096e-04
4.058441558441558709e-04
4.078765493643923519e-04
4.094910935687148964e-04
4.109495217004178092e-04
4.123900293255132097e-04
4.138026161520954433e-04
4.158388393475950882e-04
4.168210448314190668e-04
4.186922844316252478e-04
4.206098843322817848e-04
4.218618168182244324e-04
4.234995176811048845e-04
4.249191473289110088e-04
4.267020671344585775e-04
4.286224550541731389e-04
4.303131723643318306e-04
4.320276497695852802e-04
4.335051298107027592e-04
4.352662378488175352e-04
4.365435452186355501e-04
4.384255650818394390e-04
4.406041172006951515e-04
3.688403658896429642e-04
3.701510216168196494e-04
3.706907203756332398e-04
3.723470274295643482e-04
3.738783649052841718e-04
3.753002401921537250e-04
3.769601930036188065e-04
3.787113714401130963e-04
3.813009990086174195e-04
3.823994289501860900e-04
3.836709637814610151e-04
3.852574804160780820e-04
3.868671498207515566e-04
3.883093013021305284e-04
3.895800327247227733e-04
3.908591083200875656e-04
3.927112786679233330e-04
3.941145559642669619e-04
3.957365977205571793e-04
3.968673933749603390e-04
3.986393111512703336e-04
3.998294061200554283e-04
4.024144869215291655e-04
4.034535624949568233e-04
4.045307443365695984e-04
4.057234048308133267e-04
4.080744327765384251e-04
4.095563139931740655e-04
4.114887663566784760e-04
4.130638321308586027e-04
4.155469983655151324e-04
4.173158246160694638e-04
4.187253998827568987e-04
4.204507231752438652e-04
4.216562658121099697e-04
4.235373842331149777e-04
4.254957024934048282e-04
3.421532846715328625e-04
3.433771139153575232e-04
3.446988194065435385e-04
3.459808557259831468e-04
3.486243862758199932e-04
3.503956550938768584e-04
3.519887363604364580e-04
3.535651149086623587e-04
3.553344585591187467e-04
3.568242640499554009e-04
3.583694191428997877e-04
3.593352298248240627e-04
3.612173023087805962e-04
3.624282694050135769e-04
3.642323802586049639e-04
3.664457812929428505e-04
3.678837487353996366e-04
3.689015954994005341e-04
3.709542798850041698e-04
3.723585813138051859e-04
3.736688048826057292e-04
3.754810851403360709e-04
3.774059630142156084e-04
3.789194480406706672e-04
3.802401850502234136e-04
3.818494240437854056e-04
3.837175838582802985e-04
3.851214737315061592e-04
3.862992531547772474e-04
3.882866850024267995e-04
3.901931456070754922e-04
3.915171288743882379e-04
3.932363350373574364e-04
3.950357178128189109e-04
3.968910203406647726e-04
3.990157611225643485e-04
4.007614467488227437e-04
4.036734281965889811e-04
4.048173261815605725e-04
4.073734596191058406e-04
4.088725339875293901e-04
4.113674539782661058e-04
4.134224488389719437e-04
4.152967641460460300e-04
4.171301446051168204e-04
4.190968462962315938e-04
4.211412929037692036e-04
4.233550890809666578e-04
4.246885617214043052e-04
4.262271790864530750e-04
4.278532463365065973e-04
4.298456137837160067e-04
4.320898746939363434e-04
4.343262514025118337e-04
4.359831419851765760e-04
4.380041610395298858e-04
4.400440044004400313e-04
4.426574200450035003e-04
4.453185883400749491e-04
4.476609714243079711e-04
4.496739863598890998e-04
4.515352197471402765e-04
4.532064355313845548e-04
4.548728251393048018e-04
4.574391034193573020e-04
4.603521694095983555e-04
4.627487274409995493e-04
4.645041418285979890e-04
4.670169293636894153e-04
4.696489374192791100e-04
4.725339633786178437e-04
4.743645491560263849e-04
4.764173415912338985e-04
4.782972617481764965e-04
4.810776138550352729e-04
4.833836858006042292e-04
4.853583562530334994e-04
4.877255730775483574e-04
4.893365412062145470e-04
4.921461674117212593e-04
4.941728781452044183e-04
4.971620333927165378e-04
4.992718951529020229e-04
5.014206919605548613e-04
5.040322580645161150e-04
5.065428450823131722e-04
5.099222368588789741e-04
5.136326670376235729e-04
5.161068341146617892e-04
5.197955470848133032e-04
5.225115387964817401e-04
5.246360337515848429e-04
5.270323685713031213e-04
5.296843963804899469e-04
3.988124252226702966e-04
4.007480630510285697e-04
4.028648164726946943e-04
4.046216787303870801e-04
4.070004070004069820e-04
4.103592923581980407e-04
4.125601650240659935e-04
4.145364101146884286e-04
4.168982768204557913e-04
4.196782466775471928e-04
4.209738528462509733e-04
4.240482472672446059e-04
4.262776488419457461e-04
4.282451465550057108e-04
4.308693986978169056e-04
4.337349397590361242e-04
4.361521686455052020e-04
4.379135850525496532e-04
4.402915708624822750e-04
4.419563936358279484e-04
4.449278228198536651e-04
4.472494160910400816e-04
4.503602882305844917e-04
4.523749685850716475e-04
4.547291835084882610e-04
4.566673432108788355e-04
4.594884362076887604e-04
4.623921085080148026e-04
4.654530409598676088e-04
4.669987546699875701e-04
4.692143266774411988e-04
4.714510214772131926e-04
4.743582986349022083e-04
4.780368619535772952e-04
4.794374600468783430e-04
4.822117445349335648e-04
4.839750483975048491e-04
4.868812550716797500e-04
4.893165878323274673e-04
4.911591355599213794e-04
4.930156121610517438e-04
4.956765985570303450e-04
4.982009410462219252e-04
5.004170141784820272e-04
5.019800323498242777e-04
5.042016806722688944e-04
5.067282247621191990e-04
5.102619344596893416e-04
5.131421403728833076e-04
5.154934417778795838e-04
5.175388154111558101e-04
5.201410160087845819e-04
5.236515971373713199e-04
5.267470443638066178e-04
5.289761372986952117e-04
5.321035828307910326e-04
5.345052856633804349e-04
5.367046335500029767e-04
5.386963548213323299e-04
5.417770286539851229e-04
5.457522284882663274e-04
5.501222493887530322e-04
5.539143279172821640e-04
5.582087700800098841e-04
5.615523803581455803e-04
5.633450175262894825e-04
5.660377358490566299e-04
5.691879585125221444e-04
5.722278738555442628e-04
5.760000000000000146e-04
5.800837898807605260e-04
5.835818959927376948e-04
5.866631901440584477e-04
5.901639344262295294e-04
5.921442200144745897e-04
5.947267560959492621e-04
5.992010652463382239e-04
6.025709694697375333e-04
6.058566139347021156e-04
6.072055053299149413e-04
6.099627245001694106e-04
6.157635467980295636e-04
6.189395502372601514e-04
6.224496853171034840e-04
6.264355815410315321e-04
6.314903171484704224e-04
6.350998518100345889e-04
6.390230048281738415e-04
6.407518154634771852e-04
6.465052797931182711e-04
6.519377037305324005e-04
4.382761139517896034e-04
4.401731347663414532e-04
4.428044280442804516e-04
4.457321149988856929e-04
4.481290611696168622e-04
4.510260843418777621e-04
4.539951573849879151e-04
4.561696951265870720e-04
4.591368227731864042e-04
4.616094783812894203e-04
4.655493482309124736e-04
4.701825875715069441e-04
2.368171771392485068e-04
2.387204583432800148e-04
2.407511435679319427e-04
2.428166734115742528e-04
2.446982055464926487e-04
2.469745616201531177e-04
2.489213408562894123e-04
2.502920073418988937e-04
2.527379949452400769e-04
2.541511352084039211e-04
2.556237218813906171e-04
2.570033410434335711e-04
2.591344908007255847e-04
2.602359472588480120e-04
2.618943692710606528e-04
2.642938948110298771e-04
2.671177989493366315e-04
2.690341673392520738e-04
2.702702702702702744e-04
2.730996813837050560e-04
2.747504350215220978e-04
2.765486725663716776e-04
2.789919092346322183e-04
2.807411566535654326e-04
2.825923134890731005e-04
2.853609816417768358e-04
2.880460873739798229e-04
2.893797627085945598e-04
2.921698480716790184e-04
2.936282666144660611e-04
2.945218927940310410e-04
2.968827313211281618e-04
3.005710850616170578e-04
3.029385034837927897e-04
3.058727569331157973e-04
3.088644085246576815e-04
3.112033195020746674e-04
3.137418950010457995e-04
3.154905878641287172e-04
3.186404673393520843e-04
3.219575016097875005e-04
3.250975292587776405e-04
3.276539973787680237e-04
3.302146395156852062e-04
3.331852509995557776e-04
3.360967958772126331e-04
3.386769022352675569e-04
3.407542026351658327e-04
3.445899379738111604e-04
3.478260869565217629e-04
3.512469265893923358e-04
3.556187766714082672e-04
3.580806875149200358e-04
3.615328994938539335e-04
3.651856360316494072e-04
3.672420124862284057e-04
3.704618424302296765e-04
3.738317757009345624e-04
3.769317753486619020e-04
3.801799518438727841e-04
3.842705264506212476e-04
3.871966959215281112e-04
3.926187671770710709e-04
3.969829297340214213e-04
4.008551576696953709e-04
4.043126684636118707e-04
4.072766766223187562e-04
4.114661911946234816e-04
4.153973968429797766e-04
4.188189306156638492e-04
4.230714990833450879e-04
4.289390906491278329e-04
4.336513443191673746e-04
4.383401519579193458e-04
4.457652303120356496e-04
4.492362982929020906e-04
4.553734061930783238e-04
4.596292324191818550e-04
4.649000464900046332e-04
4.687499999999999827e-04
4.728132387706855569e-04
4.771751232702401910e-04
4.806151874399231124e-04
4.856726566294317440e-04
4.900359359686376568e-04
4.947229551451187701e-04
5.010020040080159906e-04
5.062436719541006224e-04
5.132591958939264733e-04
5.193905817174515518e-04
5.264081417792594673e-04
5.321035828307910326e-04
5.386963548213323299e-04
5.437737901033169730e-04
5.508630187293426898e-04
5.553498704183635910e-04
5.627462014631401518e-04
0.000000000000000000e+00
0.000000000000000000e+00
0.000000000000000000e+00
0.000000000000000000e+00
0.000000000000000000e+00
0.000000000000000000e+00
0.000000000000000000e+00
0.000000000000000000e+00
0.000000000000000000e+00
0.000000000000000000e+00
0.000000000000000000e+00
0.000000000000000000e+00
0.000000000000000000e+00
0.000000000000000000e+00
0.000000000000000000e+00
0.000000000000000000e+00
0.000000000000000000e+00
0.000000000000000000e+00
0.000000000000000000e+00
0.000000000000000000e+00
0.000000000000000000e+00
0.000000000000000000e+00
0.000000000000000000e+00
0.000000000000000000e+00
0.000000000000000000e+00
0.000000000000000000e+00
0.000000000000000000e+00
0.000000000000000000e+00
0.000000000000000000e+00
0.000000000000000000e+00
0.000000000000000000e+00
0.000000000000000000e+00
0.000000000000000000e+00
0.000000000000000000e+00
0.000000000000000000e+00
0.000000000000000000e+00
0.000000000000000000e+00
0.000000000000000000e+00
0.000000000000000000e+00
0.000000000000000000e+00
0.000000000000000000e+00
0.000000000000000000e+00
0.000000000000000000e+00
0.000000000000000000e+00
0.000000000000000000e+00
0.000000000000000000e+00
0.000000000000000000e+00
0.000000000000000000e+00
0.000000000000000000e+00
0.000000000000000000e+00
0.000000000000000000e+00
0.000000000000000000e+00
0.000000000000000000e+00
0.000000000000000000e+00
0.000000000000000000e+00
0.000000000000000000e+00
0.000000000000000000e+00
0.000000000000000000e+00
0.000000000000000000e+00
0.000000000000000000e+00
0.000000000000000000e+00
0.000000000000000000e+00
0.000000000000000000e+00
0.000000000000000000e+00
0.000000000000000000e+00
0.000000000000000000e+00
0.000000000000000000e+00
0.000000000000000000e+00
0.000000000000000000e+00
0.000000000000000000e+00
0.000000000000000000e+00
0.000000000000000000e+00
