1.000000000000000000e+04
9.990000000000000000e+03
9.980000000000000000e+03
9.970000000000000000e+03
9.960000000000000000e+03
9.950000000000000000e+03
9.940000000000000000e+03
9.930000000000000000e+03
9.920000000000000000e+03
9.910000000000000000e+03
9.900000000000000000e+03
9.890000000000000000e+03
9.880000000000000000e+03
9.870000000000000000e+03
9.858000000000000000e+03
9.848000000000000000e+03
9.838000000000000000e+03
9.828000000000000000e+03
9.818000000000000000e+03
9.807000000000000000e+03
9.797000000000000000e+03
9.787000000000000000e+03
9.777000000000000000e+03
9.767000000000000000e+03
9.757000000000000000e+03
9.746000000000000000e+03
9.736000000000000000e+03
9.726000000000000000e+03
9.715000000000000000e+03
9.704000000000000000e+03
9.694000000000000000e+03
9.683000000000000000e+03
9.673000000000000000e+03
9.663000000000000000e+03
9.652000000000000000e+03
9.641000000000000000e+03
9.631000000000000000e+03
9.621000000000000000e+03
9.610000000000000000e+03
9.599000000000000000e+03
9.588000000000000000e+03
9.577000000000000000e+03
9.565000000000000000e+03
9.554000000000000000e+03
9.544000000000000000e+03
9.533000000000000000e+03
9.523000000000000000e+03
9.513000000000000000e+03
9.503000000000000000e+03
9.492000000000000000e+03
9.482000000000000000e+03
9.471000000000000000e+03
9.460000000000000000e+03
9.449000000000000000e+03
9.436000000000000000e+03
9.426000000000000000e+03
9.416000000000000000e+03
9.406000000000000000e+03
9.395000000000000000e+03
9.385000000000000000e+03
9.373000000000000000e+03
9.361000000000000000e+03
9.349000000000000000e+03
9.338000000000000000e+03
9.327000000000000000e+03
9.317000000000000000e+03
9.307000000000000000e+03
9.294000000000000000e+03
9.284000000000000000e+03
9.274000000000000000e+03
9.263000000000000000e+03
9.253000000000000000e+03
9.241000000000000000e+03
9.230000000000000000e+03
9.217000000000000000e+03
9.207000000000000000e+03
9.194000000000000000e+03
9.183000000000000000e+03
9.173000000000000000e+03
9.161000000000000000e+03
9.150000000000000000e+03
9.134000000000000000e+03
9.123000000000000000e+03
9.112000000000000000e+03
9.101000000000000000e+03
9.090000000000000000e+03
9.078000000000000000e+03
9.066000000000000000e+03
9.055000000000000000e+03
9.041000000000000000e+03
9.029000000000000000e+03
9.014000000000000000e+03
9.002000000000000000e+03
8.992000000000000000e+03
8.980000000000000000e+03
8.970000000000000000e+03
8.955000000000000000e+03
8.944000000000000000e+03
8.931000000000000000e+03
8.919000000000000000e+03
8.908000000000000000e+03
8.897000000000000000e+03
8.881000000000000000e+03
8.868000000000000000e+03
8.857000000000000000e+03
8.846000000000000000e+03
8.834000000000000000e+03
8.824000000000000000e+03
8.814000000000000000e+03
8.803000000000000000e+03
8.793000000000000000e+03
8.778000000000000000e+03
8.764000000000000000e+03
8.754000000000000000e+03
8.744000000000000000e+03
8.734000000000000000e+03
8.720000000000000000e+03
8.707000000000000000e+03
8.694000000000000000e+03
8.682000000000000000e+03
8.671000000000000000e+03
8.657000000000000000e+03
8.644000000000000000e+03
8.632000000000000000e+03
8.620000000000000000e+03
8.607000000000000000e+03
8.593000000000000000e+03
8.581000000000000000e+03
8.565000000000000000e+03
8.553000000000000000e+03
8.542000000000000000e+03
8.532000000000000000e+03
8.520000000000000000e+03
8.506000000000000000e+03
8.492000000000000000e+03
8.473000000000000000e+03
8.457000000000000000e+03
8.445000000000000000e+03
8.435000000000000000e+03
8.418000000000000000e+03
8.406000000000000000e+03
8.391000000000000000e+03
8.377000000000000000e+03
8.366000000000000000e+03
8.352000000000000000e+03
8.338000000000000000e+03
8.321000000000000000e+03
8.308000000000000000e+03
8.296000000000000000e+03
8.284000000000000000e+03
8.266000000000000000e+03
8.254000000000000000e+03
8.243000000000000000e+03
8.229000000000000000e+03
8.213000000000000000e+03
8.199000000000000000e+03
8.186000000000000000e+03
8.172000000000000000e+03
8.154000000000000000e+03
8.139000000000000000e+03
8.125000000000000000e+03
8.110000000000000000e+03
8.097000000000000000e+03
8.081000000000000000e+03
8.066000000000000000e+03
8.052000000000000000e+03
8.041000000000000000e+03
8.027000000000000000e+03
8.014000000000000000e+03
8.001000000000000000e+03
7.990000000000000000e+03
7.972000000000000000e+03
7.955000000000000000e+03
7.940000000000000000e+03
7.925000000000000000e+03
7.911000000000000000e+03
7.896000000000000000e+03
7.886000000000000000e+03
7.871000000000000000e+03
7.859000000000000000e+03
7.844000000000000000e+03
7.831000000000000000e+03
7.819000000000000000e+03
7.802000000000000000e+03
7.791000000000000000e+03
7.779000000000000000e+03
7.765000000000000000e+03
7.747000000000000000e+03
7.727000000000000000e+03
7.713000000000000000e+03
7.694000000000000000e+03
7.678000000000000000e+03
7.667000000000000000e+03
7.649000000000000000e+03
7.635000000000000000e+03
7.613000000000000000e+03
7.602000000000000000e+03
7.589000000000000000e+03
7.575000000000000000e+03
7.559000000000000000e+03
7.548000000000000000e+03
7.534000000000000000e+03
7.516000000000000000e+03
7.501000000000000000e+03
7.484000000000000000e+03
7.468000000000000000e+03
7.457000000000000000e+03
7.439000000000000000e+03
7.424000000000000000e+03
7.409000000000000000e+03
7.395000000000000000e+03
7.384000000000000000e+03
7.367000000000000000e+03
7.352000000000000000e+03
7.336000000000000000e+03
7.324000000000000000e+03
7.309000000000000000e+03
7.297000000000000000e+03
7.280000000000000000e+03
7.267000000000000000e+03
7.250000000000000000e+03
7.232000000000000000e+03
7.216000000000000000e+03
7.198000000000000000e+03
7.183000000000000000e+03
7.172000000000000000e+03
7.139000000000000000e+03
7.126000000000000000e+03
7.109000000000000000e+03
7.093000000000000000e+03
7.077000000000000000e+03
7.059000000000000000e+03
7.025000000000000000e+03
7.009000000000000000e+03
6.991000000000000000e+03
6.974000000000000000e+03
6.961000000000000000e+03
6.937000000000000000e+03
6.924000000000000000e+03
6.909000000000000000e+03
6.894000000000000000e+03
6.880000000000000000e+03
6.865000000000000000e+03
6.849000000000000000e+03
6.835000000000000000e+03
6.813000000000000000e+03
6.798000000000000000e+03
6.782000000000000000e+03
6.770000000000000000e+03
6.750000000000000000e+03
6.720000000000000000e+03
6.704000000000000000e+03
6.689000000000000000e+03
6.669000000000000000e+03
6.654000000000000000e+03
6.638000000000000000e+03
6.624000000000000000e+03
6.609000000000000000e+03
6.589000000000000000e+03
6.561000000000000000e+03
6.546000000000000000e+03
6.531000000000000000e+03
6.520000000000000000e+03
6.500000000000000000e+03
6.476000000000000000e+03
6.460000000000000000e+03
6.443000000000000000e+03
6.420000000000000000e+03
6.404000000000000000e+03
6.382000000000000000e+03
6.363000000000000000e+03
6.350000000000000000e+03
6.333000000000000000e+03
6.318000000000000000e+03
6.298000000000000000e+03
6.274000000000000000e+03
6.259000000000000000e+03
6.241000000000000000e+03
6.216000000000000000e+03
6.197000000000000000e+03
6.181000000000000000e+03
6.162000000000000000e+03
6.143000000000000000e+03
6.128000000000000000e+03
6.108000000000000000e+03
6.082000000000000000e+03
6.069000000000000000e+03
6.058000000000000000e+03
6.041000000000000000e+03
6.013000000000000000e+03
5.989000000000000000e+03
5.971000000000000000e+03
5.958000000000000000e+03
5.940000000000000000e+03
5.923000000000000000e+03
5.905000000000000000e+03
5.888000000000000000e+03
5.869000000000000000e+03
5.853000000000000000e+03
5.835000000000000000e+03
5.819000000000000000e+03
5.804000000000000000e+03
5.775000000000000000e+03
5.763000000000000000e+03
5.749000000000000000e+03
5.727000000000000000e+03
5.710000000000000000e+03
5.682000000000000000e+03
5.670000000000000000e+03
5.649000000000000000e+03
5.631000000000000000e+03
5.609000000000000000e+03
5.581000000000000000e+03
5.556000000000000000e+03
5.528000000000000000e+03
5.496000000000000000e+03
5.459000000000000000e+03
5.442000000000000000e+03
5.426000000000000000e+03
5.406000000000000000e+03
5.377000000000000000e+03
5.351000000000000000e+03
5.326000000000000000e+03
5.306000000000000000e+03
5.285000000000000000e+03
5.263000000000000000e+03
5.232000000000000000e+03
5.211000000000000000e+03
5.181000000000000000e+03
5.160000000000000000e+03
5.137000000000000000e+03
5.105000000000000000e+03
5.074000000000000000e+03
5.054000000000000000e+03
5.035000000000000000e+03
5.011000000000000000e+03
4.990000000000000000e+03
4.961000000000000000e+03
4.944000000000000000e+03
4.921000000000000000e+03
4.892000000000000000e+03
4.870000000000000000e+03
4.833000000000000000e+03
4.811000000000000000e+03
4.786000000000000000e+03
4.762000000000000000e+03
4.743000000000000000e+03
4.725000000000000000e+03
4.700000000000000000e+03
4.681000000000000000e+03
4.658000000000000000e+03
4.614000000000000000e+03
4.584000000000000000e+03
4.556000000000000000e+03
4.531000000000000000e+03
4.478000000000000000e+03
4.423000000000000000e+03
4.371000000000000000e+03
4.349000000000000000e+03
4.301000000000000000e+03
4.251000000000000000e+03
4.219000000000000000e+03
4.191000000000000000e+03
4.156000000000000000e+03
4.131000000000000000e+03
4.095000000000000000e+03
4.074000000000000000e+03
4.054000000000000000e+03
4.037000000000000000e+03
4.012000000000000000e+03
3.949000000000000000e+03
3.928000000000000000e+03
3.895000000000000000e+03
3.860000000000000000e+03
3.837000000000000000e+03
3.775000000000000000e+03
3.737000000000000000e+03
3.681000000000000000e+03
3.621000000000000000e+03
3.584000000000000000e+03
3.558000000000000000e+03
3.514000000000000000e+03
3.484000000000000000e+03
3.456000000000000000e+03
3.415000000000000000e+03
3.363000000000000000e+03
3.315000000000000000e+03
3.283000000000000000e+03
3.249000000000000000e+03
3.184000000000000000e+03
3.150000000000000000e+03
3.096000000000000000e+03
3.020000000000000000e+03
2.980000000000000000e+03
2.942000000000000000e+03
2.868000000000000000e+03
2.819000000000000000e+03
2.749000000000000000e+03
2.669000000000000000e+03
2.623000000000000000e+03
2.590000000000000000e+03
2.515000000000000000e+03
2.477000000000000000e+03
2.387000000000000000e+03
2.345000000000000000e+03
2.305000000000000000e+03
2.195000000000000000e+03
2.139000000000000000e+03
2.047000000000000000e+03
1.985000000000000000e+03
1.950000000000000000e+03
1.861000000000000000e+03
1.780000000000000000e+03
1.740000000000000000e+03
1.658000000000000000e+03
1.597000000000000000e+03
1.487000000000000000e+03
1.385000000000000000e+03
1.282000000000000000e+03
1.244000000000000000e+03
7.020000000000000000e+02
5.310000000000000000e+02
4.320000000000000000e+02
1.820000000000000000e+02
1.500000000000000000e+02
6.500000000000000000e+01
1.100000000000000000e+01
