1.000000000000000000e+04
9.990000000000000000e+03
9.980000000000000000e+03
9.970000000000000000e+03
9.960000000000000000e+03
9.950000000000000000e+03
9.940000000000000000e+03
9.930000000000000000e+03
9.920000000000000000e+03
9.910000000000000000e+03
9.900000000000000000e+03
9.890000000000000000e+03
9.880000000000000000e+03
9.870000000000000000e+03
9.860000000000000000e+03
9.850000000000000000e+03
9.840000000000000000e+03
9.830000000000000000e+03
9.820000000000000000e+03
9.810000000000000000e+03
9.800000000000000000e+03
9.790000000000000000e+03
9.780000000000000000e+03
9.770000000000000000e+03
9.760000000000000000e+03
9.750000000000000000e+03
9.740000000000000000e+03
9.730000000000000000e+03
9.720000000000000000e+03
9.710000000000000000e+03
9.700000000000000000e+03
9.690000000000000000e+03
9.680000000000000000e+03
9.670000000000000000e+03
9.660000000000000000e+03
9.650000000000000000e+03
9.640000000000000000e+03
9.630000000000000000e+03
9.620000000000000000e+03
9.610000000000000000e+03
9.600000000000000000e+03
9.590000000000000000e+03
9.580000000000000000e+03
9.570000000000000000e+03
9.560000000000000000e+03
9.550000000000000000e+03
9.540000000000000000e+03
9.530000000000000000e+03
9.520000000000000000e+03
9.510000000000000000e+03
9.500000000000000000e+03
9.490000000000000000e+03
9.480000000000000000e+03
9.470000000000000000e+03
9.460000000000000000e+03
9.450000000000000000e+03
9.440000000000000000e+03
9.430000000000000000e+03
9.420000000000000000e+03
9.410000000000000000e+03
9.400000000000000000e+03
9.390000000000000000e+03
9.379000000000000000e+03
9.369000000000000000e+03
9.359000000000000000e+03
9.349000000000000000e+03
9.339000000000000000e+03
9.329000000000000000e+03
9.319000000000000000e+03
9.309000000000000000e+03
9.299000000000000000e+03
9.289000000000000000e+03
9.279000000000000000e+03
9.269000000000000000e+03
9.259000000000000000e+03
9.249000000000000000e+03
9.239000000000000000e+03
9.229000000000000000e+03
9.219000000000000000e+03
9.209000000000000000e+03
9.199000000000000000e+03
9.189000000000000000e+03
9.179000000000000000e+03
9.169000000000000000e+03
9.159000000000000000e+03
9.149000000000000000e+03
9.139000000000000000e+03
9.129000000000000000e+03
9.119000000000000000e+03
9.109000000000000000e+03
9.099000000000000000e+03
9.089000000000000000e+03
9.079000000000000000e+03
9.069000000000000000e+03
9.059000000000000000e+03
9.049000000000000000e+03
9.039000000000000000e+03
9.029000000000000000e+03
9.019000000000000000e+03
9.008000000000000000e+03
8.998000000000000000e+03
8.988000000000000000e+03
8.978000000000000000e+03
8.968000000000000000e+03
8.958000000000000000e+03
8.948000000000000000e+03
8.938000000000000000e+03
8.928000000000000000e+03
8.918000000000000000e+03
8.908000000000000000e+03
8.898000000000000000e+03
8.888000000000000000e+03
8.878000000000000000e+03
8.868000000000000000e+03
8.857000000000000000e+03
8.847000000000000000e+03
8.837000000000000000e+03
8.827000000000000000e+03
8.817000000000000000e+03
8.807000000000000000e+03
8.797000000000000000e+03
8.786000000000000000e+03
8.776000000000000000e+03
8.766000000000000000e+03
8.756000000000000000e+03
8.746000000000000000e+03
8.736000000000000000e+03
8.726000000000000000e+03
8.715000000000000000e+03
8.705000000000000000e+03
8.693000000000000000e+03
8.683000000000000000e+03
8.673000000000000000e+03
8.663000000000000000e+03
8.652000000000000000e+03
8.642000000000000000e+03
8.632000000000000000e+03
8.621000000000000000e+03
8.611000000000000000e+03
8.601000000000000000e+03
8.590000000000000000e+03
8.580000000000000000e+03
8.570000000000000000e+03
8.559000000000000000e+03
8.549000000000000000e+03
8.539000000000000000e+03
8.529000000000000000e+03
8.519000000000000000e+03
8.509000000000000000e+03
8.499000000000000000e+03
8.489000000000000000e+03
8.479000000000000000e+03
8.468000000000000000e+03
8.458000000000000000e+03
8.448000000000000000e+03
8.438000000000000000e+03
8.428000000000000000e+03
8.418000000000000000e+03
8.408000000000000000e+03
8.398000000000000000e+03
8.388000000000000000e+03
8.378000000000000000e+03
8.368000000000000000e+03
8.358000000000000000e+03
8.348000000000000000e+03
8.338000000000000000e+03
8.328000000000000000e+03
8.317000000000000000e+03
8.307000000000000000e+03
8.297000000000000000e+03
8.286000000000000000e+03
8.276000000000000000e+03
8.265000000000000000e+03
8.255000000000000000e+03
8.244000000000000000e+03
8.234000000000000000e+03
8.224000000000000000e+03
8.214000000000000000e+03
8.203000000000000000e+03
8.193000000000000000e+03
8.182000000000000000e+03
8.171000000000000000e+03
8.159000000000000000e+03
8.149000000000000000e+03
8.139000000000000000e+03
8.129000000000000000e+03
8.118000000000000000e+03
8.108000000000000000e+03
8.097000000000000000e+03
8.087000000000000000e+03
8.076000000000000000e+03
8.065000000000000000e+03
8.055000000000000000e+03
8.044000000000000000e+03
8.034000000000000000e+03
8.024000000000000000e+03
8.014000000000000000e+03
8.004000000000000000e+03
7.994000000000000000e+03
7.984000000000000000e+03
7.974000000000000000e+03
7.964000000000000000e+03
7.954000000000000000e+03
7.944000000000000000e+03
7.933000000000000000e+03
7.921000000000000000e+03
7.910000000000000000e+03
7.900000000000000000e+03
7.890000000000000000e+03
7.880000000000000000e+03
7.868000000000000000e+03
7.858000000000000000e+03
7.847000000000000000e+03
7.837000000000000000e+03
7.826000000000000000e+03
7.815000000000000000e+03
7.805000000000000000e+03
7.794000000000000000e+03
7.782000000000000000e+03
7.772000000000000000e+03
7.762000000000000000e+03
7.751000000000000000e+03
7.740000000000000000e+03
7.730000000000000000e+03
7.720000000000000000e+03
7.710000000000000000e+03
7.700000000000000000e+03
7.687000000000000000e+03
7.677000000000000000e+03
7.667000000000000000e+03
7.656000000000000000e+03
7.646000000000000000e+03
7.636000000000000000e+03
7.625000000000000000e+03
7.615000000000000000e+03
7.605000000000000000e+03
7.595000000000000000e+03
7.585000000000000000e+03
7.573000000000000000e+03
7.562000000000000000e+03
7.552000000000000000e+03
7.542000000000000000e+03
7.532000000000000000e+03
7.521000000000000000e+03
7.511000000000000000e+03
7.501000000000000000e+03
7.489000000000000000e+03
7.479000000000000000e+03
7.469000000000000000e+03
7.457000000000000000e+03
7.447000000000000000e+03
7.435000000000000000e+03
7.424000000000000000e+03
7.411000000000000000e+03
7.400000000000000000e+03
7.390000000000000000e+03
7.380000000000000000e+03
7.370000000000000000e+03
7.360000000000000000e+03
7.350000000000000000e+03
7.338000000000000000e+03
7.326000000000000000e+03
7.315000000000000000e+03
7.302000000000000000e+03
7.292000000000000000e+03
7.282000000000000000e+03
7.271000000000000000e+03
7.257000000000000000e+03
7.244000000000000000e+03
7.232000000000000000e+03
7.222000000000000000e+03
7.212000000000000000e+03
7.200000000000000000e+03
7.190000000000000000e+03
7.180000000000000000e+03
7.169000000000000000e+03
7.159000000000000000e+03
7.148000000000000000e+03
7.137000000000000000e+03
7.125000000000000000e+03
7.114000000000000000e+03
7.102000000000000000e+03
7.089000000000000000e+03
7.078000000000000000e+03
7.068000000000000000e+03
7.057000000000000000e+03
7.046000000000000000e+03
7.034000000000000000e+03
7.023000000000000000e+03
7.013000000000000000e+03
7.002000000000000000e+03
6.992000000000000000e+03
6.982000000000000000e+03
6.971000000000000000e+03
6.961000000000000000e+03
6.950000000000000000e+03
6.939000000000000000e+03
6.928000000000000000e+03
6.918000000000000000e+03
6.905000000000000000e+03
6.895000000000000000e+03
6.885000000000000000e+03
6.875000000000000000e+03
6.864000000000000000e+03
6.853000000000000000e+03
6.843000000000000000e+03
6.833000000000000000e+03
6.822000000000000000e+03
6.810000000000000000e+03
6.798000000000000000e+03
6.786000000000000000e+03
6.775000000000000000e+03
6.765000000000000000e+03
6.755000000000000000e+03
6.740000000000000000e+03
6.728000000000000000e+03
6.715000000000000000e+03
6.704000000000000000e+03
6.694000000000000000e+03
6.680000000000000000e+03
6.668000000000000000e+03
6.656000000000000000e+03
6.642000000000000000e+03
6.632000000000000000e+03
6.622000000000000000e+03
6.606000000000000000e+03
6.594000000000000000e+03
6.584000000000000000e+03
6.574000000000000000e+03
6.563000000000000000e+03
6.552000000000000000e+03
6.542000000000000000e+03
6.532000000000000000e+03
6.522000000000000000e+03
6.509000000000000000e+03
6.498000000000000000e+03
6.487000000000000000e+03
6.476000000000000000e+03
6.466000000000000000e+03
6.455000000000000000e+03
6.444000000000000000e+03
6.434000000000000000e+03
6.422000000000000000e+03
6.411000000000000000e+03
6.400000000000000000e+03
6.390000000000000000e+03
6.380000000000000000e+03
6.370000000000000000e+03
6.359000000000000000e+03
6.349000000000000000e+03
6.338000000000000000e+03
6.327000000000000000e+03
6.317000000000000000e+03
6.303000000000000000e+03
6.291000000000000000e+03
6.281000000000000000e+03
6.270000000000000000e+03
6.259000000000000000e+03
6.246000000000000000e+03
6.235000000000000000e+03
6.223000000000000000e+03
6.211000000000000000e+03
6.201000000000000000e+03
6.187000000000000000e+03
6.176000000000000000e+03
6.159000000000000000e+03
6.147000000000000000e+03
6.136000000000000000e+03
6.125000000000000000e+03
6.114000000000000000e+03
6.100000000000000000e+03
6.089000000000000000e+03
6.079000000000000000e+03
6.068000000000000000e+03
6.058000000000000000e+03
6.044000000000000000e+03
6.033000000000000000e+03
6.020000000000000000e+03
6.009000000000000000e+03
5.998000000000000000e+03
5.987000000000000000e+03
5.977000000000000000e+03
5.965000000000000000e+03
5.952000000000000000e+03
5.942000000000000000e+03
5.932000000000000000e+03
5.918000000000000000e+03
5.907000000000000000e+03
5.896000000000000000e+03
5.885000000000000000e+03
5.874000000000000000e+03
5.864000000000000000e+03
5.854000000000000000e+03
5.844000000000000000e+03
5.833000000000000000e+03
5.822000000000000000e+03
5.811000000000000000e+03
5.797000000000000000e+03
5.785000000000000000e+03
5.772000000000000000e+03
5.761000000000000000e+03
5.748000000000000000e+03
5.738000000000000000e+03
5.728000000000000000e+03
5.715000000000000000e+03
5.704000000000000000e+03
5.692000000000000000e+03
5.680000000000000000e+03
5.667000000000000000e+03
5.656000000000000000e+03
5.646000000000000000e+03
5.632000000000000000e+03
5.622000000000000000e+03
5.612000000000000000e+03
5.599000000000000000e+03
5.587000000000000000e+03
5.577000000000000000e+03
5.566000000000000000e+03
5.553000000000000000e+03
5.543000000000000000e+03
5.533000000000000000e+03
5.522000000000000000e+03
5.511000000000000000e+03
5.501000000000000000e+03
5.489000000000000000e+03
5.477000000000000000e+03
5.465000000000000000e+03
5.455000000000000000e+03
5.441000000000000000e+03
5.427000000000000000e+03
5.416000000000000000e+03
5.402000000000000000e+03
5.390000000000000000e+03
5.380000000000000000e+03
5.367000000000000000e+03
5.356000000000000000e+03
5.344000000000000000e+03
5.331000000000000000e+03
5.321000000000000000e+03
5.310000000000000000e+03
5.300000000000000000e+03
5.289000000000000000e+03
5.276000000000000000e+03
5.264000000000000000e+03
5.252000000000000000e+03
5.237000000000000000e+03
5.227000000000000000e+03
5.212000000000000000e+03
5.201000000000000000e+03
5.189000000000000000e+03
5.177000000000000000e+03
5.166000000000000000e+03
5.155000000000000000e+03
5.144000000000000000e+03
5.131000000000000000e+03
5.120000000000000000e+03
5.108000000000000000e+03
5.096000000000000000e+03
5.081000000000000000e+03
5.063000000000000000e+03
5.052000000000000000e+03
5.041000000000000000e+03
5.027000000000000000e+03
5.013000000000000000e+03
5.000000000000000000e+03
4.988000000000000000e+03
4.975000000000000000e+03
4.962000000000000000e+03
4.952000000000000000e+03
4.939000000000000000e+03
4.927000000000000000e+03
4.916000000000000000e+03
4.901000000000000000e+03
4.890000000000000000e+03
4.878000000000000000e+03
4.868000000000000000e+03
4.858000000000000000e+03
4.847000000000000000e+03
4.836000000000000000e+03
4.824000000000000000e+03
4.811000000000000000e+03
4.799000000000000000e+03
4.785000000000000000e+03
4.772000000000000000e+03
4.757000000000000000e+03
4.746000000000000000e+03
4.727000000000000000e+03
4.717000000000000000e+03
4.703000000000000000e+03
4.688000000000000000e+03
4.676000000000000000e+03
4.663000000000000000e+03
4.648000000000000000e+03
4.632000000000000000e+03
4.616000000000000000e+03
4.603000000000000000e+03
4.590000000000000000e+03
4.576000000000000000e+03
4.559000000000000000e+03
4.547000000000000000e+03
4.533000000000000000e+03
4.513000000000000000e+03
4.502000000000000000e+03
4.481000000000000000e+03
4.468000000000000000e+03
4.454000000000000000e+03
4.443000000000000000e+03
4.429000000000000000e+03
4.418000000000000000e+03
4.407000000000000000e+03
4.394000000000000000e+03
4.382000000000000000e+03
4.364000000000000000e+03
4.350000000000000000e+03
4.339000000000000000e+03
4.324000000000000000e+03
4.308000000000000000e+03
4.297000000000000000e+03
4.284000000000000000e+03
4.273000000000000000e+03
4.261000000000000000e+03
4.251000000000000000e+03
4.238000000000000000e+03
4.227000000000000000e+03
4.207000000000000000e+03
4.194000000000000000e+03
4.179000000000000000e+03
4.162000000000000000e+03
4.146000000000000000e+03
4.129000000000000000e+03
4.116000000000000000e+03
4.101000000000000000e+03
4.088000000000000000e+03
4.077000000000000000e+03
4.067000000000000000e+03
4.051000000000000000e+03
4.039000000000000000e+03
4.027000000000000000e+03
4.009000000000000000e+03
3.993000000000000000e+03
3.983000000000000000e+03
3.972000000000000000e+03
3.960000000000000000e+03
3.950000000000000000e+03
3.936000000000000000e+03
3.923000000000000000e+03
3.907000000000000000e+03
3.892000000000000000e+03
3.874000000000000000e+03
3.861000000000000000e+03
3.847000000000000000e+03
3.830000000000000000e+03
3.815000000000000000e+03
3.802000000000000000e+03
3.788000000000000000e+03
3.757000000000000000e+03
3.745000000000000000e+03
3.733000000000000000e+03
3.720000000000000000e+03
3.705000000000000000e+03
3.694000000000000000e+03
3.681000000000000000e+03
3.662000000000000000e+03
3.644000000000000000e+03
3.622000000000000000e+03
3.611000000000000000e+03
3.599000000000000000e+03
3.586000000000000000e+03
3.573000000000000000e+03
3.558000000000000000e+03
3.546000000000000000e+03
3.524000000000000000e+03
3.509000000000000000e+03
3.497000000000000000e+03
3.485000000000000000e+03
3.472000000000000000e+03
3.459000000000000000e+03
3.444000000000000000e+03
3.431000000000000000e+03
3.412000000000000000e+03
3.401000000000000000e+03
3.389000000000000000e+03
3.373000000000000000e+03
3.362000000000000000e+03
3.350000000000000000e+03
3.330000000000000000e+03
3.313000000000000000e+03
3.280000000000000000e+03
3.269000000000000000e+03
3.259000000000000000e+03
3.245000000000000000e+03
3.230000000000000000e+03
3.217000000000000000e+03
3.203000000000000000e+03
3.190000000000000000e+03
3.178000000000000000e+03
3.167000000000000000e+03
3.137000000000000000e+03
3.113000000000000000e+03
3.099000000000000000e+03
3.086000000000000000e+03
3.074000000000000000e+03
3.060000000000000000e+03
3.043000000000000000e+03
3.031000000000000000e+03
3.013000000000000000e+03
2.995000000000000000e+03
2.972000000000000000e+03
2.954000000000000000e+03
2.934000000000000000e+03
2.919000000000000000e+03
2.902000000000000000e+03
2.877000000000000000e+03
2.862000000000000000e+03
2.848000000000000000e+03
2.836000000000000000e+03
2.818000000000000000e+03
2.806000000000000000e+03
2.795000000000000000e+03
2.782000000000000000e+03
2.766000000000000000e+03
2.727000000000000000e+03
2.714000000000000000e+03
2.697000000000000000e+03
2.684000000000000000e+03
2.673000000000000000e+03
2.651000000000000000e+03
2.635000000000000000e+03
2.615000000000000000e+03
2.602000000000000000e+03
2.582000000000000000e+03
2.569000000000000000e+03
2.555000000000000000e+03
2.538000000000000000e+03
2.526000000000000000e+03
2.515000000000000000e+03
2.477000000000000000e+03
2.466000000000000000e+03
2.452000000000000000e+03
2.434000000000000000e+03
2.416000000000000000e+03
2.404000000000000000e+03
2.393000000000000000e+03
2.380000000000000000e+03
2.361000000000000000e+03
2.347000000000000000e+03
2.334000000000000000e+03
2.320000000000000000e+03
2.304000000000000000e+03
2.288000000000000000e+03
2.276000000000000000e+03
2.260000000000000000e+03
2.245000000000000000e+03
2.219000000000000000e+03
2.205000000000000000e+03
2.187000000000000000e+03
2.170000000000000000e+03
2.146000000000000000e+03
2.131000000000000000e+03
2.118000000000000000e+03
2.105000000000000000e+03
2.090000000000000000e+03
2.074000000000000000e+03
2.058000000000000000e+03
2.040000000000000000e+03
2.027000000000000000e+03
2.008000000000000000e+03
1.993000000000000000e+03
1.968000000000000000e+03
1.941000000000000000e+03
1.922000000000000000e+03
1.890000000000000000e+03
1.875000000000000000e+03
1.855000000000000000e+03
1.841000000000000000e+03
1.823000000000000000e+03
1.803000000000000000e+03
1.776000000000000000e+03
1.761000000000000000e+03
1.743000000000000000e+03
1.725000000000000000e+03
1.707000000000000000e+03
1.648000000000000000e+03
1.624000000000000000e+03
1.610000000000000000e+03
1.597000000000000000e+03
1.586000000000000000e+03
1.566000000000000000e+03
1.537000000000000000e+03
1.514000000000000000e+03
1.487000000000000000e+03
1.472000000000000000e+03
1.460000000000000000e+03
1.442000000000000000e+03
1.427000000000000000e+03
1.413000000000000000e+03
1.384000000000000000e+03
1.372000000000000000e+03
1.334000000000000000e+03
1.308000000000000000e+03
1.293000000000000000e+03
1.271000000000000000e+03
1.260000000000000000e+03
1.240000000000000000e+03
1.224000000000000000e+03
1.208000000000000000e+03
1.166000000000000000e+03
1.143000000000000000e+03
1.130000000000000000e+03
1.119000000000000000e+03
1.101000000000000000e+03
1.043000000000000000e+03
1.025000000000000000e+03
1.003000000000000000e+03
9.710000000000000000e+02
9.470000000000000000e+02
9.360000000000000000e+02
8.980000000000000000e+02
8.820000000000000000e+02
8.600000000000000000e+02
8.400000000000000000e+02
8.170000000000000000e+02
7.990000000000000000e+02
7.830000000000000000e+02
7.670000000000000000e+02
7.500000000000000000e+02
7.380000000000000000e+02
7.210000000000000000e+02
6.980000000000000000e+02
6.770000000000000000e+02
6.650000000000000000e+02
6.280000000000000000e+02
6.130000000000000000e+02
5.890000000000000000e+02
5.690000000000000000e+02
5.560000000000000000e+02
5.400000000000000000e+02
5.170000000000000000e+02
4.940000000000000000e+02
4.780000000000000000e+02
4.560000000000000000e+02
4.360000000000000000e+02
4.160000000000000000e+02
3.360000000000000000e+02
3.100000000000000000e+02
2.770000000000000000e+02
2.580000000000000000e+02
2.430000000000000000e+02
2.290000000000000000e+02
1.570000000000000000e+02
1.380000000000000000e+02
1.070000000000000000e+02
4.000000000000000000e+01
2.700000000000000000e+01
