9.729000000000000000e+03
9.719000000000000000e+03
9.709000000000000000e+03
9.698000000000000000e+03
9.686000000000000000e+03
9.673000000000000000e+03
9.662000000000000000e+03
9.652000000000000000e+03
9.642000000000000000e+03
9.627000000000000000e+03
9.616000000000000000e+03
9.594000000000000000e+03
9.583000000000000000e+03
9.571000000000000000e+03
9.561000000000000000e+03
9.551000000000000000e+03
9.539000000000000000e+03
9.528000000000000000e+03
9.515000000000000000e+03
9.504000000000000000e+03
9.493000000000000000e+03
9.480000000000000000e+03
9.469000000000000000e+03
9.458000000000000000e+03
9.448000000000000000e+03
9.438000000000000000e+03
9.428000000000000000e+03
9.418000000000000000e+03
9.406000000000000000e+03
9.395000000000000000e+03
9.384000000000000000e+03
9.373000000000000000e+03
9.361000000000000000e+03
9.351000000000000000e+03
9.340000000000000000e+03
9.329000000000000000e+03
9.318000000000000000e+03
9.303000000000000000e+03
9.292000000000000000e+03
9.281000000000000000e+03
9.270000000000000000e+03
9.260000000000000000e+03
9.244000000000000000e+03
9.233000000000000000e+03
9.222000000000000000e+03
9.212000000000000000e+03
9.198000000000000000e+03
9.187000000000000000e+03
9.177000000000000000e+03
9.165000000000000000e+03
9.155000000000000000e+03
9.142000000000000000e+03
9.130000000000000000e+03
9.120000000000000000e+03
9.109000000000000000e+03
9.096000000000000000e+03
9.084000000000000000e+03
9.073000000000000000e+03
9.061000000000000000e+03
9.051000000000000000e+03
9.040000000000000000e+03
9.030000000000000000e+03
9.018000000000000000e+03
9.005000000000000000e+03
8.992000000000000000e+03
8.981000000000000000e+03
8.970000000000000000e+03
8.959000000000000000e+03
8.949000000000000000e+03
8.935000000000000000e+03
8.924000000000000000e+03
8.908000000000000000e+03
8.898000000000000000e+03
8.888000000000000000e+03
8.877000000000000000e+03
8.866000000000000000e+03
8.856000000000000000e+03
8.845000000000000000e+03
8.835000000000000000e+03
8.824000000000000000e+03
8.812000000000000000e+03
8.802000000000000000e+03
8.791000000000000000e+03
8.781000000000000000e+03
8.770000000000000000e+03
8.758000000000000000e+03
8.746000000000000000e+03
8.735000000000000000e+03
8.724000000000000000e+03
8.714000000000000000e+03
8.704000000000000000e+03
8.694000000000000000e+03
8.684000000000000000e+03
8.669000000000000000e+03
8.658000000000000000e+03
8.648000000000000000e+03
8.635000000000000000e+03
8.623000000000000000e+03
8.612000000000000000e+03
8.602000000000000000e+03
8.591000000000000000e+03
8.580000000000000000e+03
8.570000000000000000e+03
8.558000000000000000e+03
8.548000000000000000e+03
8.534000000000000000e+03
8.523000000000000000e+03
8.505000000000000000e+03
8.490000000000000000e+03
8.478000000000000000e+03
8.468000000000000000e+03
8.457000000000000000e+03
8.444000000000000000e+03
8.434000000000000000e+03
8.422000000000000000e+03
8.411000000000000000e+03
8.396000000000000000e+03
8.382000000000000000e+03
8.370000000000000000e+03
8.355000000000000000e+03
8.343000000000000000e+03
8.329000000000000000e+03
8.317000000000000000e+03
8.307000000000000000e+03
8.297000000000000000e+03
8.281000000000000000e+03
8.270000000000000000e+03
8.258000000000000000e+03
8.246000000000000000e+03
8.228000000000000000e+03
8.213000000000000000e+03
8.201000000000000000e+03
8.191000000000000000e+03
8.180000000000000000e+03
8.170000000000000000e+03
8.153000000000000000e+03
8.140000000000000000e+03
8.130000000000000000e+03
8.120000000000000000e+03
8.110000000000000000e+03
8.098000000000000000e+03
8.088000000000000000e+03
8.077000000000000000e+03
8.067000000000000000e+03
8.056000000000000000e+03
8.045000000000000000e+03
8.034000000000000000e+03
8.023000000000000000e+03
8.009000000000000000e+03
7.991000000000000000e+03
7.980000000000000000e+03
7.970000000000000000e+03
7.957000000000000000e+03
7.947000000000000000e+03
7.936000000000000000e+03
7.926000000000000000e+03
7.914000000000000000e+03
7.903000000000000000e+03
7.893000000000000000e+03
7.880000000000000000e+03
7.868000000000000000e+03
7.855000000000000000e+03
7.839000000000000000e+03
7.829000000000000000e+03
7.816000000000000000e+03
7.806000000000000000e+03
7.796000000000000000e+03
7.784000000000000000e+03
7.772000000000000000e+03
7.760000000000000000e+03
7.718000000000000000e+03
7.708000000000000000e+03
7.695000000000000000e+03
7.683000000000000000e+03
7.673000000000000000e+03
7.661000000000000000e+03
7.647000000000000000e+03
7.635000000000000000e+03
7.624000000000000000e+03
7.614000000000000000e+03
7.596000000000000000e+03
7.582000000000000000e+03
7.568000000000000000e+03
7.556000000000000000e+03
7.541000000000000000e+03
7.527000000000000000e+03
7.514000000000000000e+03
7.501000000000000000e+03
7.488000000000000000e+03
7.478000000000000000e+03
7.461000000000000000e+03
7.451000000000000000e+03
7.439000000000000000e+03
7.426000000000000000e+03
7.411000000000000000e+03
7.400000000000000000e+03
7.387000000000000000e+03
7.377000000000000000e+03
7.367000000000000000e+03
7.356000000000000000e+03
7.346000000000000000e+03
7.334000000000000000e+03
7.316000000000000000e+03
7.303000000000000000e+03
7.287000000000000000e+03
7.274000000000000000e+03
7.263000000000000000e+03
7.244000000000000000e+03
7.232000000000000000e+03
7.218000000000000000e+03
7.207000000000000000e+03
7.190000000000000000e+03
7.176000000000000000e+03
7.161000000000000000e+03
7.151000000000000000e+03
7.141000000000000000e+03
7.125000000000000000e+03
7.114000000000000000e+03
7.103000000000000000e+03
7.088000000000000000e+03
7.068000000000000000e+03
7.056000000000000000e+03
7.041000000000000000e+03
7.030000000000000000e+03
7.014000000000000000e+03
7.004000000000000000e+03
6.993000000000000000e+03
6.982000000000000000e+03
6.972000000000000000e+03
6.960000000000000000e+03
6.948000000000000000e+03
6.937000000000000000e+03
6.927000000000000000e+03
6.915000000000000000e+03
6.904000000000000000e+03
6.890000000000000000e+03
6.875000000000000000e+03
6.864000000000000000e+03
6.851000000000000000e+03
6.839000000000000000e+03
6.821000000000000000e+03
6.810000000000000000e+03
6.795000000000000000e+03
6.769000000000000000e+03
6.752000000000000000e+03
6.742000000000000000e+03
6.725000000000000000e+03
6.708000000000000000e+03
6.693000000000000000e+03
6.681000000000000000e+03
6.668000000000000000e+03
6.655000000000000000e+03
6.643000000000000000e+03
6.626000000000000000e+03
6.616000000000000000e+03
6.596000000000000000e+03
6.583000000000000000e+03
6.572000000000000000e+03
6.561000000000000000e+03
6.551000000000000000e+03
6.537000000000000000e+03
6.522000000000000000e+03
6.507000000000000000e+03
6.495000000000000000e+03
6.479000000000000000e+03
6.466000000000000000e+03
6.454000000000000000e+03
6.436000000000000000e+03
6.423000000000000000e+03
6.405000000000000000e+03
6.394000000000000000e+03
6.381000000000000000e+03
6.369000000000000000e+03
6.354000000000000000e+03
6.344000000000000000e+03
6.329000000000000000e+03
6.314000000000000000e+03
6.302000000000000000e+03
6.287000000000000000e+03
6.274000000000000000e+03
6.258000000000000000e+03
6.242000000000000000e+03
6.230000000000000000e+03
6.206000000000000000e+03
6.186000000000000000e+03
6.174000000000000000e+03
6.156000000000000000e+03
6.145000000000000000e+03
6.134000000000000000e+03
6.124000000000000000e+03
6.109000000000000000e+03
6.093000000000000000e+03
6.082000000000000000e+03
6.071000000000000000e+03
6.048000000000000000e+03
6.032000000000000000e+03
6.009000000000000000e+03
5.992000000000000000e+03
5.974000000000000000e+03
5.957000000000000000e+03
5.941000000000000000e+03
5.929000000000000000e+03
5.907000000000000000e+03
5.886000000000000000e+03
5.875000000000000000e+03
5.861000000000000000e+03
5.846000000000000000e+03
5.835000000000000000e+03
5.821000000000000000e+03
5.801000000000000000e+03
5.788000000000000000e+03
5.776000000000000000e+03
5.760000000000000000e+03
5.745000000000000000e+03
5.725000000000000000e+03
5.665000000000000000e+03
5.654000000000000000e+03
5.642000000000000000e+03
5.628000000000000000e+03
5.614000000000000000e+03
5.597000000000000000e+03
5.584000000000000000e+03
5.574000000000000000e+03
5.562000000000000000e+03
5.543000000000000000e+03
5.527000000000000000e+03
5.508000000000000000e+03
5.490000000000000000e+03
5.476000000000000000e+03
5.459000000000000000e+03
5.447000000000000000e+03
5.436000000000000000e+03
5.418000000000000000e+03
5.405000000000000000e+03
5.393000000000000000e+03
5.380000000000000000e+03
5.368000000000000000e+03
5.352000000000000000e+03
5.327000000000000000e+03
5.266000000000000000e+03
5.254000000000000000e+03
5.233000000000000000e+03
5.221000000000000000e+03
5.208000000000000000e+03
5.186000000000000000e+03
5.136000000000000000e+03
5.121000000000000000e+03
5.108000000000000000e+03
5.096000000000000000e+03
5.085000000000000000e+03
5.028000000000000000e+03
5.016000000000000000e+03
5.000000000000000000e+03
4.990000000000000000e+03
4.965000000000000000e+03
4.946000000000000000e+03
4.934000000000000000e+03
4.922000000000000000e+03
3.552000000000000000e+03
3.540000000000000000e+03
3.494000000000000000e+03
3.480000000000000000e+03
3.467000000000000000e+03
3.405000000000000000e+03
3.390000000000000000e+03
3.371000000000000000e+03
3.355000000000000000e+03
3.284000000000000000e+03
3.247000000000000000e+03
1.646000000000000000e+03
1.635000000000000000e+03
1.523000000000000000e+03
1.402000000000000000e+03
1.385000000000000000e+03
1.371000000000000000e+03
1.348000000000000000e+03
1.317000000000000000e+03
1.303000000000000000e+03
1.236000000000000000e+03
1.222000000000000000e+03
1.211000000000000000e+03
1.162000000000000000e+03
1.147000000000000000e+03
1.129000000000000000e+03
9.950000000000000000e+02
9.710000000000000000e+02
6.650000000000000000e+02
3.690000000000000000e+02
3.500000000000000000e+02
2.840000000000000000e+02
2.710000000000000000e+02
1.650000000000000000e+02
1.260000000000000000e+02
1.120000000000000000e+02
3.000000000000000000e+01
