9.729000000000000000e+03
9.719000000000000000e+03
9.707000000000000000e+03
9.695000000000000000e+03
9.684000000000000000e+03
9.672000000000000000e+03
9.658000000000000000e+03
9.647000000000000000e+03
9.635000000000000000e+03
9.624000000000000000e+03
9.613000000000000000e+03
9.603000000000000000e+03
9.592000000000000000e+03
9.582000000000000000e+03
9.570000000000000000e+03
9.559000000000000000e+03
9.549000000000000000e+03
9.539000000000000000e+03
9.526000000000000000e+03
9.516000000000000000e+03
9.501000000000000000e+03
9.488000000000000000e+03
9.477000000000000000e+03
9.466000000000000000e+03
9.454000000000000000e+03
9.443000000000000000e+03
9.432000000000000000e+03
9.421000000000000000e+03
9.411000000000000000e+03
9.398000000000000000e+03
9.388000000000000000e+03
9.377000000000000000e+03
9.366000000000000000e+03
9.355000000000000000e+03
9.343000000000000000e+03
9.332000000000000000e+03
9.322000000000000000e+03
9.312000000000000000e+03
9.300000000000000000e+03
9.290000000000000000e+03
9.278000000000000000e+03
9.265000000000000000e+03
9.254000000000000000e+03
9.239000000000000000e+03
9.223000000000000000e+03
9.212000000000000000e+03
9.199000000000000000e+03
9.187000000000000000e+03
9.176000000000000000e+03
9.165000000000000000e+03
9.152000000000000000e+03
9.142000000000000000e+03
9.132000000000000000e+03
9.120000000000000000e+03
9.109000000000000000e+03
9.098000000000000000e+03
9.086000000000000000e+03
9.075000000000000000e+03
9.065000000000000000e+03
9.055000000000000000e+03
9.044000000000000000e+03
9.032000000000000000e+03
9.021000000000000000e+03
9.001000000000000000e+03
8.990000000000000000e+03
8.979000000000000000e+03
8.964000000000000000e+03
8.954000000000000000e+03
8.942000000000000000e+03
8.924000000000000000e+03
8.905000000000000000e+03
8.890000000000000000e+03
8.880000000000000000e+03
8.868000000000000000e+03
8.856000000000000000e+03
8.841000000000000000e+03
8.828000000000000000e+03
8.818000000000000000e+03
8.806000000000000000e+03
8.791000000000000000e+03
8.781000000000000000e+03
8.768000000000000000e+03
8.758000000000000000e+03
8.746000000000000000e+03
8.736000000000000000e+03
8.724000000000000000e+03
8.712000000000000000e+03
8.701000000000000000e+03
8.689000000000000000e+03
8.679000000000000000e+03
8.667000000000000000e+03
8.657000000000000000e+03
8.644000000000000000e+03
8.634000000000000000e+03
8.617000000000000000e+03
8.606000000000000000e+03
8.594000000000000000e+03
8.582000000000000000e+03
8.571000000000000000e+03
8.559000000000000000e+03
8.548000000000000000e+03
8.536000000000000000e+03
8.526000000000000000e+03
8.513000000000000000e+03
8.499000000000000000e+03
8.487000000000000000e+03
8.477000000000000000e+03
8.459000000000000000e+03
8.448000000000000000e+03
8.437000000000000000e+03
8.426000000000000000e+03
8.412000000000000000e+03
8.399000000000000000e+03
8.389000000000000000e+03
8.379000000000000000e+03
8.365000000000000000e+03
8.353000000000000000e+03
8.340000000000000000e+03
8.324000000000000000e+03
8.314000000000000000e+03
8.304000000000000000e+03
8.291000000000000000e+03
8.281000000000000000e+03
8.269000000000000000e+03
8.257000000000000000e+03
8.241000000000000000e+03
8.225000000000000000e+03
8.208000000000000000e+03
8.195000000000000000e+03
8.183000000000000000e+03
8.172000000000000000e+03
8.147000000000000000e+03
8.136000000000000000e+03
8.125000000000000000e+03
8.111000000000000000e+03
8.099000000000000000e+03
8.089000000000000000e+03
8.077000000000000000e+03
8.066000000000000000e+03
8.055000000000000000e+03
8.045000000000000000e+03
8.033000000000000000e+03
8.018000000000000000e+03
8.002000000000000000e+03
7.987000000000000000e+03
7.970000000000000000e+03
7.955000000000000000e+03
7.941000000000000000e+03
7.923000000000000000e+03
7.910000000000000000e+03
7.900000000000000000e+03
7.887000000000000000e+03
7.877000000000000000e+03
7.864000000000000000e+03
7.851000000000000000e+03
7.840000000000000000e+03
7.829000000000000000e+03
7.816000000000000000e+03
7.805000000000000000e+03
7.794000000000000000e+03
7.784000000000000000e+03
7.768000000000000000e+03
7.754000000000000000e+03
7.739000000000000000e+03
7.727000000000000000e+03
7.711000000000000000e+03
7.696000000000000000e+03
7.683000000000000000e+03
7.672000000000000000e+03
7.659000000000000000e+03
7.644000000000000000e+03
7.633000000000000000e+03
7.618000000000000000e+03
7.607000000000000000e+03
7.593000000000000000e+03
7.582000000000000000e+03
7.550000000000000000e+03
7.536000000000000000e+03
7.523000000000000000e+03
7.509000000000000000e+03
7.490000000000000000e+03
7.477000000000000000e+03
7.463000000000000000e+03
7.451000000000000000e+03
7.436000000000000000e+03
7.423000000000000000e+03
7.409000000000000000e+03
7.396000000000000000e+03
7.378000000000000000e+03
7.364000000000000000e+03
7.338000000000000000e+03
7.326000000000000000e+03
7.315000000000000000e+03
7.299000000000000000e+03
7.286000000000000000e+03
7.273000000000000000e+03
7.263000000000000000e+03
7.247000000000000000e+03
7.236000000000000000e+03
7.222000000000000000e+03
7.210000000000000000e+03
7.199000000000000000e+03
7.184000000000000000e+03
7.165000000000000000e+03
7.155000000000000000e+03
7.140000000000000000e+03
7.122000000000000000e+03
7.109000000000000000e+03
7.097000000000000000e+03
7.082000000000000000e+03
7.068000000000000000e+03
7.052000000000000000e+03
7.042000000000000000e+03
7.031000000000000000e+03
7.016000000000000000e+03
7.006000000000000000e+03
6.996000000000000000e+03
6.976000000000000000e+03
6.962000000000000000e+03
6.951000000000000000e+03
6.937000000000000000e+03
6.922000000000000000e+03
6.895000000000000000e+03
6.882000000000000000e+03
6.869000000000000000e+03
6.857000000000000000e+03
6.845000000000000000e+03
6.833000000000000000e+03
6.818000000000000000e+03
6.806000000000000000e+03
6.791000000000000000e+03
6.775000000000000000e+03
6.750000000000000000e+03
6.730000000000000000e+03
6.719000000000000000e+03
6.708000000000000000e+03
6.684000000000000000e+03
6.666000000000000000e+03
6.646000000000000000e+03
6.604000000000000000e+03
6.589000000000000000e+03
6.572000000000000000e+03
6.558000000000000000e+03
6.547000000000000000e+03
6.537000000000000000e+03
6.517000000000000000e+03
6.500000000000000000e+03
6.481000000000000000e+03
6.465000000000000000e+03
6.450000000000000000e+03
6.421000000000000000e+03
6.405000000000000000e+03
6.382000000000000000e+03
6.363000000000000000e+03
6.351000000000000000e+03
6.331000000000000000e+03
6.315000000000000000e+03
6.300000000000000000e+03
6.285000000000000000e+03
6.266000000000000000e+03
6.253000000000000000e+03
6.232000000000000000e+03
6.202000000000000000e+03
6.184000000000000000e+03
6.166000000000000000e+03
6.150000000000000000e+03
6.130000000000000000e+03
6.117000000000000000e+03
6.101000000000000000e+03
6.089000000000000000e+03
6.071000000000000000e+03
6.057000000000000000e+03
6.036000000000000000e+03
6.016000000000000000e+03
6.000000000000000000e+03
5.956000000000000000e+03
5.939000000000000000e+03
5.928000000000000000e+03
5.903000000000000000e+03
5.862000000000000000e+03
5.843000000000000000e+03
5.831000000000000000e+03
5.821000000000000000e+03
5.779000000000000000e+03
5.764000000000000000e+03
5.741000000000000000e+03
5.725000000000000000e+03
5.692000000000000000e+03
5.637000000000000000e+03
5.624000000000000000e+03
5.596000000000000000e+03
5.561000000000000000e+03
5.532000000000000000e+03
5.500000000000000000e+03
5.480000000000000000e+03
5.466000000000000000e+03
5.321000000000000000e+03
5.298000000000000000e+03
5.284000000000000000e+03
5.268000000000000000e+03
5.244000000000000000e+03
5.204000000000000000e+03
5.166000000000000000e+03
5.153000000000000000e+03
5.043000000000000000e+03
5.026000000000000000e+03
5.003000000000000000e+03
4.976000000000000000e+03
4.964000000000000000e+03
4.898000000000000000e+03
4.851000000000000000e+03
4.838000000000000000e+03
4.814000000000000000e+03
4.783000000000000000e+03
4.045000000000000000e+03
3.988000000000000000e+03
3.972000000000000000e+03
3.957000000000000000e+03
3.792000000000000000e+03
2.982000000000000000e+03
2.943000000000000000e+03
2.927000000000000000e+03
2.838000000000000000e+03
2.826000000000000000e+03
2.782000000000000000e+03
2.733000000000000000e+03
2.685000000000000000e+03
2.632000000000000000e+03
2.616000000000000000e+03
2.554000000000000000e+03
2.522000000000000000e+03
1.448000000000000000e+03
1.041000000000000000e+03
1.018000000000000000e+03
8.690000000000000000e+02
8.250000000000000000e+02
6.450000000000000000e+02
5.840000000000000000e+02
5.380000000000000000e+02
2.260000000000000000e+02
1.800000000000000000e+02
1.400000000000000000e+02
8.300000000000000000e+01
2.000000000000000000e+01
