1.467211766046046528e-01
1.465923376804784961e-01
1.465316262182304596e-01
1.463199365550410525e-01
1.464371322728263147e-01
1.465144060938483594e-01
1.465395025132104623e-01
1.460536021637570681e-01
1.460421752454162947e-01
1.462081885952929150e-01
1.462021105907828078e-01
1.461795325083480590e-01
1.461377870563674297e-01
1.461399602071337400e-01
1.463366258082430815e-01
1.462541278198480066e-01
1.463083857414473887e-01
1.461656544083294318e-01
1.461935863804272040e-01
1.463503061553335372e-01
1.464864282056120015e-01
1.467018469656992119e-01
1.466796795575616985e-01
1.468286319908690685e-01
1.467393526405451343e-01
1.469253894506695746e-01
1.469202774153677005e-01
1.467920308163856991e-01
1.469664041195443138e-01
1.466785430961294878e-01
1.467573455479834754e-01
1.469488891688715271e-01
1.468284053575941439e-01
1.468082409767500762e-01
1.467462636013379118e-01
1.468056184866334268e-01
1.467428376534788415e-01
1.467853328586685713e-01
1.468132559402967885e-01
1.469588050449829875e-01
1.469962020946023740e-01
1.469814375758977665e-01
1.471377784226946261e-01
1.471795319594830509e-01
1.471925835228266588e-01
1.474040532817514348e-01
1.475691638628917335e-01
1.473698181657302209e-01
1.473562810503903364e-01
1.473899692937563899e-01
1.474736042650146572e-01
1.476783793474363560e-01
1.477420804313637481e-01
1.476229815996995820e-01
1.474534067758243305e-01
1.474097545444897628e-01
1.475432294203604389e-01
1.476197741837046162e-01
1.476222535038864137e-01
1.476792600672945377e-01
1.470870183684828969e-01
1.471290752861618700e-01
1.470876276640395441e-01
1.473015773953473828e-01
1.472317797935564498e-01
1.473611525242855547e-01
1.473450491307634058e-01
1.474104844186817920e-01
1.476377952755905387e-01
1.478217995005805252e-01
1.478506192320566126e-01
1.479197290215376881e-01
1.480430810654870533e-01
1.482136256247890693e-01
1.482299458344080445e-01
1.482738557020946424e-01
1.482641650301072811e-01
1.484640804831594274e-01
1.486647611269906188e-01
1.484642476861331717e-01
1.483473112974839636e-01
1.483160514993158707e-01
1.482699362173237612e-01
1.479952243557854930e-01
1.480896485219299619e-01
1.481945209595833257e-01
1.483800753453327625e-01
1.480883688086351291e-01
1.479468700950195004e-01
1.477301611509328483e-01
1.473787992112599310e-01
1.473547770917897348e-01
1.475048296377344248e-01
1.477259069759456200e-01
1.476248729302710172e-01
1.478431981772047044e-01
1.478050047623170882e-01
1.477000104307917006e-01
1.479654102304822361e-01
1.480437636761487985e-01
1.481708921835248605e-01
1.483141309525909945e-01
1.482746416563440195e-01
1.484658001278499895e-01
1.484312363033833959e-01
1.478298238074774451e-01
1.478124831418244634e-01
1.480232914495862584e-01
1.481200151917964336e-01
1.480453010998584451e-01
1.480894331164926414e-01
1.478942750603202405e-01
1.480815457731618212e-01
1.481078489229861184e-01
1.479703429101019430e-01
1.478016664186876938e-01
1.472172351885098762e-01
1.468953082153187373e-01
1.469313943412575707e-01
1.470327054244525422e-01
1.467484150184123481e-01
1.462184873949579911e-01
1.463512737023558719e-01
1.465484069570570924e-01
1.468588208021018582e-01
1.470445783365945391e-01
1.470348363043224860e-01
1.472141562566990913e-01
1.470415590514205229e-01
1.471444304594084207e-01
1.469983390018191893e-01
1.470681709836326179e-01
1.471912350597609498e-01
1.473433814416503507e-01
1.471522805888504648e-01
1.472262596899224785e-01
1.470600170433794540e-01
1.472827193161001524e-01
1.475188891157851734e-01
1.474146962756013868e-01
1.470454639302969102e-01
1.466069540337127663e-01
1.467313255770391622e-01
1.464026595855897339e-01
1.456659797283088587e-01
1.456642280365162134e-01
1.452986022871664562e-01
1.453545180339011755e-01
1.454429165334186203e-01
1.455420141116099964e-01
1.454143978047421071e-01
1.455859576664945698e-01
1.457442673921492404e-01
1.453712946486697688e-01
1.452950523497529567e-01
1.453337122619854371e-01
1.453895263377284475e-01
1.454821865291823779e-01
1.456233421750663115e-01
1.458730229054981953e-01
1.458333333333333426e-01
1.462220931012134795e-01
1.464644201469797458e-01
1.467079991913201598e-01
1.469393282773564513e-01
1.470008830921812337e-01
1.471463963452053492e-01
1.470736053365011287e-01
1.472953467592274246e-01
1.475601911413343126e-01
1.474431621065291353e-01
1.473093077762049619e-01
1.476062900407687783e-01
1.476064761815760462e-01
1.475040484404703256e-01
1.473321696466481090e-01
1.474920664993132069e-01
1.479235050663622042e-01
1.479624722480842314e-01
1.476801342764656466e-01
1.476936403667075681e-01
1.475243457458376706e-01
1.478535047295658489e-01
1.477109548032224384e-01
1.478966140616602420e-01
1.477785406041584870e-01
1.477588795628523022e-01
1.481097108969607057e-01
1.480801666832027019e-01
1.481186541907226761e-01
1.481389020645580146e-01
1.479540667937017384e-01
1.479059237831719387e-01
1.480724077861092225e-01
1.480260655696138405e-01
1.479023646071701004e-01
1.479920294297976668e-01
1.476749865048967991e-01
1.478595205532474977e-01
1.478517597700256259e-01
1.480529595015576405e-01
1.483555115752193954e-01
1.484713875097987967e-01
1.485904771904036914e-01
1.485062437430844651e-01
1.482373491424941736e-01
1.484793800753675397e-01
1.487781504551988487e-01
1.485680669572425616e-01
1.488282193766610195e-01
1.489109017787254852e-01
1.486471802673041409e-01
1.486906710310965662e-01
1.482161451197457069e-01
1.480707925689787874e-01
1.477322886779960376e-01
1.477480471996011346e-01
1.473314958656978257e-01
1.472798904691385580e-01
1.473837698390443596e-01
1.473844333643201110e-01
1.477778092513384045e-01
1.477655384966611585e-01
1.481470866412541998e-01
1.479402366352880194e-01
1.479855595667869950e-01
1.478235635519442870e-01
1.477561018283614636e-01
1.476431518272522392e-01
1.477112676056338003e-01
1.475467806099896861e-01
1.473967896700823232e-01
1.476316493711159472e-01
1.476612109829174568e-01
1.476574443212133880e-01
1.478370811884764657e-01
1.474768904379451517e-01
1.475484676020330510e-01
1.476987959171199849e-01
1.475409836065573743e-01
1.470289252379632094e-01
1.468330134357005712e-01
1.467010918592714652e-01
1.468242799512149421e-01
1.465877985086366797e-01
1.459228824273071934e-01
1.461440812440495118e-01
1.463065014493676874e-01
1.463882582419339384e-01
1.462358000128361479e-01
1.466412854100793695e-01
1.469054636136930270e-01
1.468135018897432642e-01
1.466146942251629615e-01
1.466859833393698020e-01
1.467288791819716109e-01
1.463731432758276219e-01
1.461992224158734366e-01
1.458733205374280195e-01
1.454200798862636257e-01
1.451958748851298331e-01
1.453297828758705335e-01
1.453055907860007490e-01
1.454557958804717777e-01
1.458513172887676568e-01
1.462047004257381322e-01
1.462575578566960854e-01
1.462750165904090072e-01
1.466671339454685696e-01
1.469129287598944511e-01
1.473394106423574212e-01
1.475758434930535823e-01
1.476495726495726524e-01
1.474565357372826790e-01
1.473339569691300144e-01
1.472152860710020661e-01
1.469570601303857027e-01
1.473106476399561049e-01
1.471681448496669486e-01
1.471229535459551430e-01
1.468905565049409279e-01
1.468844389752768653e-01
1.469993256911665547e-01
1.472081218274111647e-01
1.468761832639151887e-01
1.467174119885822914e-01
1.470071095481996770e-01
1.470384881309057257e-01
1.466439970632559264e-01
1.465373423860329705e-01
1.467321407693207014e-01
1.467397689445858744e-01
1.466378293354305973e-01
1.467487859765486125e-01
1.463617958794807550e-01
1.462889066241021552e-01
1.458676855017092266e-01
1.461105942316249240e-01
1.462285226857305276e-01
1.462607274213322539e-01
1.461611140779690288e-01
1.462721015538062108e-01
1.456008628199278176e-01
1.456541704934457837e-01
1.455590036064748904e-01
1.457449043916789200e-01
1.460697860849753116e-01
1.458483448480481504e-01
1.461142541154451524e-01
1.464946383560473409e-01
1.458602011864844061e-01
1.460309211381057570e-01
1.456297976273552008e-01
1.456425535643867952e-01
1.458259950686861539e-01
1.458314836189292252e-01
1.458686157411533957e-01
1.460111731843575511e-01
1.461507347984360161e-01
1.465591058632655930e-01
1.462917685411573021e-01
1.462414578587699354e-01
1.462575674188222319e-01
1.460751796572692107e-01
1.462058741777077786e-01
1.463755947383151290e-01
1.463380281690140894e-01
1.465139301371800318e-01
1.467785521262978121e-01
1.470294913805385295e-01
1.474566584111259293e-01
1.470813764018019665e-01
1.472117885004333993e-01
1.476574964947058033e-01
1.477272727272727348e-01
1.477716966379984398e-01
1.480209917112168261e-01
1.476476970115395970e-01
1.472548239506664136e-01
1.473456665996380477e-01
1.477151965993623861e-01
1.476434999237378753e-01
1.481576253838280399e-01
1.482338423569335151e-01
1.482783579774583915e-01
1.478119424913422186e-01
1.483071053886504398e-01
1.483991462113126991e-01
1.485754144980415414e-01
1.483641075477810101e-01
1.486427559140957033e-01
1.477840628260750078e-01
1.482177397071014202e-01
1.474890161837495162e-01
1.474027434225320399e-01
1.468222499150334259e-01
1.465669767707322713e-01
1.462491397109428881e-01
1.463071512309495892e-01
1.467853766151906714e-01
1.468161794152983701e-01
1.466074313408723684e-01
1.471734892787524285e-01
1.461716937354988477e-01
1.466165413533834505e-01
1.464957409125411114e-01
1.456036913611894468e-01
1.449086161879895585e-01
1.451314979329756394e-01
1.491519787163285704e-01
1.489325652321246973e-01
1.413642409272278244e-01
1.418002466091245473e-01
1.417520384695797608e-01
1.427656850192061400e-01
1.430429128738621714e-01
1.413116970926301674e-01
1.421997238840312927e-01
1.442377385841990822e-01
1.446587537091988118e-01
1.443324937027707922e-01
1.438791732909379950e-01
1.423087469152728157e-01
1.412461234846348890e-01
1.402773298935827140e-01
1.383689839572192493e-01
1.365638766519823855e-01
1.305555555555555636e-01
1.378958120531154352e-01
1.266490765171504052e-01
1.264044943820224753e-01
9.677419354838709409e-02
1.078431372549019662e-01
1.071428571428571369e-01
1.304347826086956486e-01
