1.467211766046046528e-01
1.465329927953341327e-01
1.463890945293952472e-01
1.464146491588018129e-01
1.460986339430423719e-01
1.462592936802973864e-01
1.462579741714641335e-01
1.462309004936888646e-01
1.461396698427636087e-01
1.461083653430170770e-01
1.461192617132039684e-01
1.458724326610451871e-01
1.458280732994033380e-01
1.455649736367883584e-01
1.455637521667271228e-01
1.456519097573818200e-01
1.453941571205856487e-01
1.455803771737800290e-01
1.453692209050106987e-01
1.450711173230288531e-01
1.450528602262885214e-01
1.447137386110688706e-01
1.443274593527031080e-01
1.442823608316566031e-01
1.444158908033871258e-01
1.445141286731026764e-01
1.446237774888348704e-01
1.445151575418359424e-01
1.446382613668859007e-01
1.446447812657136733e-01
1.444415561909713208e-01
1.445562936961503897e-01
1.443964577062339105e-01
1.442770820562220835e-01
1.443756313963192317e-01
1.442061600917836084e-01
1.441297699773966268e-01
1.439130821978804875e-01
1.437933807977598288e-01
1.435737709827645536e-01
1.436594338914332913e-01
1.436206247647723033e-01
1.435760268383352856e-01
1.437401287814360218e-01
1.439070505001219802e-01
1.437623398686808385e-01
1.439623483089038369e-01
1.441118812034021257e-01
1.442813066869253757e-01
1.443663067492298724e-01
1.444727346568987214e-01
1.438459602315630415e-01
1.439651223403415059e-01
1.440593353301954094e-01
1.439820201794794197e-01
1.439699942296595592e-01
1.441119691119691071e-01
1.440337192965457092e-01
1.437755698421975536e-01
1.437231130230739173e-01
1.438002719394525231e-01
1.439281838808325886e-01
1.442922525320952387e-01
1.443584345836993743e-01
1.444562722464322602e-01
1.443922656550294947e-01
1.442864577212980004e-01
1.437201532204991361e-01
1.438986757998609589e-01
1.439561939203711782e-01
1.440493530974209513e-01
1.439867693420848749e-01
1.439376893119861667e-01
1.438848920863309289e-01
1.438427947598253376e-01
1.435996488147497918e-01
1.437037037037036946e-01
1.436342695135997272e-01
1.433625486675318694e-01
1.436326946086397549e-01
1.432980441413960193e-01
1.433176072316058591e-01
1.431909575046190763e-01
1.430652415375371078e-01
1.425329428989751124e-01
1.420904629748754866e-01
1.419892155414389234e-01
1.418313387141664217e-01
1.417305218412662771e-01
1.415374834040802610e-01
1.415413533834586346e-01
1.412117893623850706e-01
1.414026505887037155e-01
1.414318354912414422e-01
1.413847273841909724e-01
1.409426987060998226e-01
1.405950560405737626e-01
1.401180803179984669e-01
1.399996081735007669e-01
1.401107018338684507e-01
1.402595860868188771e-01
1.404722155974242881e-01
1.403007157995761200e-01
1.402517493766588796e-01
1.400343816361613869e-01
1.401020180055683184e-01
1.399313220505273569e-01
1.401327551838227603e-01
1.400161080478285192e-01
1.400584613470987061e-01
1.397023523763802344e-01
1.395802318998595193e-01
1.396817378125789211e-01
1.396425927884107077e-01
1.392310960067969505e-01
1.394678397539933501e-01
1.389092003957159427e-01
1.390625337976682252e-01
1.391866672453452580e-01
1.392733375471328083e-01
1.394767976863415249e-01
1.393182718985334911e-01
1.390227724961308753e-01
1.390768138766275419e-01
1.393311036789297575e-01
1.391169740207295613e-01
1.389564747228980712e-01
1.392256196851818228e-01
1.390927057540719269e-01
1.387695401773471060e-01
1.379643029425952627e-01
1.381911286416165063e-01
1.382283409817827713e-01
1.377058357046228587e-01
1.379302260151927251e-01
1.376516311388528979e-01
1.375663884673748172e-01
1.376041914741605032e-01
1.377965006342899423e-01
1.377609929760415797e-01
1.374018126888217617e-01
1.371282922684791961e-01
1.370297997068881390e-01
1.369288499742476739e-01
1.369414199142730548e-01
1.366874443455031174e-01
1.364314486051022013e-01
1.366431678416079321e-01
1.367130583329146387e-01
1.368107753619532962e-01
1.368306232718601856e-01
1.370162932790223997e-01
1.370659833440102393e-01
1.369474390055191726e-01
1.372965688815175611e-01
1.374111397547066737e-01
1.373745841301443338e-01
1.376277256926156101e-01
1.371710788348689536e-01
1.370582744365915484e-01
1.360195425748953191e-01
1.359254759011745695e-01
1.358453686610923972e-01
1.358802356020942514e-01
1.357987435186963354e-01
1.356175739154462656e-01
1.356972288554451067e-01
1.355005994368082001e-01
1.356534886325456435e-01
1.360567184334908752e-01
1.353319543226318422e-01
1.350581262821974049e-01
1.345530670184393873e-01
1.348052620973545501e-01
1.349804941482444787e-01
1.350778960805361362e-01
1.348747591522158062e-01
1.348887651317524916e-01
1.349867139061116106e-01
1.341474284695605701e-01
1.343109730601517171e-01
1.342275837234425673e-01
1.342000482625482494e-01
1.342631898120072720e-01
1.341634193862639990e-01
1.338228545204222242e-01
1.337720647026262311e-01
1.335949813035013367e-01
1.333540856031128485e-01
1.333416684899821902e-01
1.331656711725872355e-01
1.326912109498764314e-01
1.329893952421897507e-01
1.330560000000000076e-01
1.330396192436326119e-01
1.323600815718771195e-01
1.321456538762725008e-01
1.318107131120604680e-01
1.315275340243054480e-01
1.314553990610328738e-01
1.316882073260563779e-01
1.316763083546347302e-01
1.313172315810838264e-01
1.313644579340449425e-01
1.310295176385889160e-01
1.308624081167822639e-01
1.311503871662210441e-01
1.308404682858640700e-01
1.304989458889669607e-01
1.299271106078833671e-01
1.297072616171664194e-01
1.297169811320754707e-01
1.296988428088837741e-01
1.299732832695501550e-01
1.295206971677559937e-01
1.293906941043166670e-01
1.289429994465965679e-01
1.288357233078237518e-01
1.287491129122623479e-01
1.286694410077606487e-01
1.282622653623899933e-01
1.279144954547183355e-01
1.280725936135998222e-01
1.281627316773052416e-01
1.283527865811238955e-01
1.285830967290264859e-01
1.287961803381340031e-01
1.286844280036204824e-01
1.284102157988517012e-01
1.278123504068932603e-01
1.277465918203688766e-01
1.279993547606565196e-01
1.268105593863478597e-01
1.270310192023633711e-01
1.271857472781260379e-01
1.266638935108153063e-01
1.266388308977035582e-01
1.261405205398814233e-01
1.262209818596980726e-01
1.254006923964610942e-01
1.252846401718582248e-01
1.250161938074880186e-01
1.249511400651465848e-01
1.246551950610797349e-01
1.235582659419329210e-01
1.234287242578229471e-01
1.229320780094149274e-01
1.224517409345119989e-01
1.228245558231471773e-01
1.230811403508771940e-01
1.221388108506424736e-01
1.217717300749791703e-01
1.214155825989648857e-01
1.214808558558558571e-01
1.211377895183735065e-01
1.210538808450035558e-01
1.215171755725190789e-01
1.213680969790263547e-01
1.212824604671405709e-01
1.213213798479828437e-01
1.213575591360987332e-01
1.211285636909744390e-01
1.208513171602917102e-01
1.207792207792207778e-01
1.203192450557172971e-01
1.194892064457281911e-01
1.197982987826618495e-01
1.196427654878612079e-01
1.197154052381934480e-01
1.193774319066147893e-01
1.190401505646173086e-01
1.186788874841972208e-01
1.191019584947720367e-01
1.194683179416003854e-01
1.195756991321118567e-01
1.194037911108710853e-01
1.194467046379170116e-01
1.194683004212023364e-01
1.187938366377643967e-01
1.193505189152996304e-01
1.199663016006739663e-01
1.199188137791058206e-01
1.198093941456773309e-01
1.194644696189495342e-01
1.192739844425237672e-01
1.195972921367818020e-01
1.196576219867241248e-01
1.186999528968440826e-01
1.185198426885949174e-01
1.184139381195554175e-01
1.184616314930156677e-01
1.183511450381679458e-01
1.179442938131624319e-01
1.180236171535114925e-01
1.177317393753520708e-01
1.165636432446070375e-01
1.157067722875138038e-01
1.151352413386600299e-01
1.155217965653896894e-01
1.152695605929668216e-01
1.154850371560554312e-01
1.148364327405999724e-01
1.151473612063056845e-01
1.157829328914664474e-01
1.138402392140111102e-01
1.143449656750572113e-01
1.133550488599348594e-01
1.135418945526143059e-01
1.124503895340291104e-01
1.112192929898142557e-01
1.114473783763335057e-01
1.115843918764737180e-01
1.118026740433379490e-01
1.117305458768873411e-01
1.139275006813845748e-01
1.139380530973451294e-01
1.127524308152580423e-01
1.122873345935727768e-01
1.116058177500742071e-01
1.102181400688863333e-01
1.100311041990668787e-01
1.098613654198273559e-01
1.094622191967324770e-01
1.093858311382226584e-01
1.064682312535775582e-01
1.059651179832918066e-01
1.053421368547418913e-01
1.051984004921562577e-01
1.052057356608478850e-01
1.053818884950048357e-01
1.046569030771762332e-01
1.030079455164585739e-01
1.100478468899521584e-01
1.099084096586178116e-01
1.108949416342412397e-01
1.119873817034700292e-01
1.106471816283924881e-01
1.093502377179080831e-01
1.151832460732984259e-01
1.263157894736842146e-01
1.137026239067055328e-01
1.042471042471042469e-01
1.048951048951048959e-01
1.000000000000000056e-01
