9.967000000000000000e+03
9.956000000000000000e+03
9.944000000000000000e+03
9.934000000000000000e+03
9.924000000000000000e+03
9.914000000000000000e+03
9.904000000000000000e+03
9.894000000000000000e+03
9.884000000000000000e+03
9.873000000000000000e+03
9.863000000000000000e+03
9.853000000000000000e+03
9.843000000000000000e+03
9.833000000000000000e+03
9.822000000000000000e+03
9.812000000000000000e+03
9.802000000000000000e+03
9.792000000000000000e+03
9.782000000000000000e+03
9.771000000000000000e+03
9.760000000000000000e+03
9.750000000000000000e+03
9.740000000000000000e+03
9.729000000000000000e+03
9.719000000000000000e+03
9.709000000000000000e+03
9.699000000000000000e+03
9.689000000000000000e+03
9.679000000000000000e+03
9.668000000000000000e+03
9.658000000000000000e+03
9.648000000000000000e+03
9.638000000000000000e+03
9.628000000000000000e+03
9.618000000000000000e+03
9.608000000000000000e+03
9.598000000000000000e+03
9.588000000000000000e+03
9.578000000000000000e+03
9.568000000000000000e+03
9.558000000000000000e+03
9.548000000000000000e+03
9.537000000000000000e+03
9.526000000000000000e+03
9.516000000000000000e+03
9.505000000000000000e+03
9.495000000000000000e+03
9.483000000000000000e+03
9.473000000000000000e+03
9.462000000000000000e+03
9.452000000000000000e+03
9.441000000000000000e+03
9.431000000000000000e+03
9.421000000000000000e+03
9.410000000000000000e+03
9.400000000000000000e+03
9.390000000000000000e+03
9.379000000000000000e+03
9.368000000000000000e+03
9.358000000000000000e+03
9.348000000000000000e+03
9.338000000000000000e+03
9.328000000000000000e+03
9.316000000000000000e+03
9.306000000000000000e+03
9.296000000000000000e+03
9.285000000000000000e+03
9.275000000000000000e+03
9.265000000000000000e+03
9.255000000000000000e+03
9.245000000000000000e+03
9.234000000000000000e+03
9.224000000000000000e+03
9.214000000000000000e+03
9.204000000000000000e+03
9.193000000000000000e+03
9.183000000000000000e+03
9.172000000000000000e+03
9.162000000000000000e+03
9.152000000000000000e+03
9.142000000000000000e+03
9.131000000000000000e+03
9.121000000000000000e+03
9.111000000000000000e+03
9.100000000000000000e+03
9.090000000000000000e+03
9.079000000000000000e+03
9.069000000000000000e+03
9.058000000000000000e+03
9.047000000000000000e+03
9.037000000000000000e+03
9.026000000000000000e+03
9.016000000000000000e+03
9.005000000000000000e+03
8.994000000000000000e+03
8.984000000000000000e+03
8.974000000000000000e+03
8.961000000000000000e+03
8.951000000000000000e+03
8.941000000000000000e+03
8.931000000000000000e+03
8.921000000000000000e+03
8.910000000000000000e+03
8.900000000000000000e+03
8.888000000000000000e+03
8.877000000000000000e+03
8.867000000000000000e+03
8.856000000000000000e+03
8.845000000000000000e+03
8.835000000000000000e+03
8.825000000000000000e+03
8.815000000000000000e+03
8.805000000000000000e+03
8.795000000000000000e+03
8.785000000000000000e+03
8.774000000000000000e+03
8.764000000000000000e+03
8.752000000000000000e+03
8.742000000000000000e+03
8.732000000000000000e+03
8.722000000000000000e+03
8.711000000000000000e+03
8.701000000000000000e+03
8.691000000000000000e+03
8.680000000000000000e+03
8.670000000000000000e+03
8.660000000000000000e+03
8.650000000000000000e+03
8.640000000000000000e+03
8.630000000000000000e+03
8.619000000000000000e+03
8.608000000000000000e+03
8.597000000000000000e+03
8.586000000000000000e+03
8.576000000000000000e+03
8.566000000000000000e+03
8.556000000000000000e+03
8.546000000000000000e+03
8.535000000000000000e+03
8.514000000000000000e+03
8.504000000000000000e+03
8.494000000000000000e+03
8.483000000000000000e+03
8.472000000000000000e+03
8.462000000000000000e+03
8.452000000000000000e+03
8.441000000000000000e+03
8.430000000000000000e+03
8.420000000000000000e+03
8.408000000000000000e+03
8.398000000000000000e+03
8.387000000000000000e+03
8.377000000000000000e+03
8.367000000000000000e+03
8.357000000000000000e+03
8.347000000000000000e+03
8.337000000000000000e+03
8.327000000000000000e+03
8.314000000000000000e+03
8.304000000000000000e+03
8.294000000000000000e+03
8.282000000000000000e+03
8.272000000000000000e+03
8.262000000000000000e+03
8.251000000000000000e+03
8.241000000000000000e+03
8.231000000000000000e+03
8.221000000000000000e+03
8.210000000000000000e+03
8.199000000000000000e+03
8.189000000000000000e+03
8.178000000000000000e+03
8.167000000000000000e+03
8.156000000000000000e+03
8.146000000000000000e+03
8.135000000000000000e+03
8.125000000000000000e+03
8.115000000000000000e+03
8.105000000000000000e+03
8.094000000000000000e+03
8.082000000000000000e+03
8.072000000000000000e+03
8.061000000000000000e+03
8.050000000000000000e+03
8.040000000000000000e+03
8.028000000000000000e+03
8.016000000000000000e+03
8.006000000000000000e+03
7.996000000000000000e+03
7.985000000000000000e+03
7.974000000000000000e+03
7.964000000000000000e+03
7.953000000000000000e+03
7.943000000000000000e+03
7.932000000000000000e+03
7.922000000000000000e+03
7.912000000000000000e+03
7.901000000000000000e+03
7.890000000000000000e+03
7.878000000000000000e+03
7.866000000000000000e+03
7.856000000000000000e+03
7.842000000000000000e+03
7.832000000000000000e+03
7.822000000000000000e+03
7.812000000000000000e+03
7.802000000000000000e+03
7.792000000000000000e+03
7.782000000000000000e+03
7.772000000000000000e+03
7.760000000000000000e+03
7.748000000000000000e+03
7.738000000000000000e+03
7.726000000000000000e+03
7.716000000000000000e+03
7.706000000000000000e+03
7.696000000000000000e+03
7.686000000000000000e+03
7.676000000000000000e+03
7.666000000000000000e+03
7.656000000000000000e+03
7.638000000000000000e+03
7.624000000000000000e+03
7.614000000000000000e+03
7.602000000000000000e+03
7.592000000000000000e+03
7.580000000000000000e+03
7.570000000000000000e+03
7.559000000000000000e+03
7.549000000000000000e+03
7.537000000000000000e+03
7.527000000000000000e+03
7.517000000000000000e+03
7.506000000000000000e+03
7.496000000000000000e+03
7.486000000000000000e+03
7.473000000000000000e+03
7.462000000000000000e+03
7.452000000000000000e+03
7.441000000000000000e+03
7.430000000000000000e+03
7.420000000000000000e+03
7.410000000000000000e+03
7.399000000000000000e+03
7.389000000000000000e+03
7.377000000000000000e+03
7.367000000000000000e+03
7.357000000000000000e+03
7.347000000000000000e+03
7.336000000000000000e+03
7.326000000000000000e+03
7.316000000000000000e+03
7.304000000000000000e+03
7.292000000000000000e+03
7.279000000000000000e+03
7.268000000000000000e+03
7.251000000000000000e+03
7.241000000000000000e+03
7.230000000000000000e+03
7.217000000000000000e+03
7.203000000000000000e+03
7.191000000000000000e+03
7.178000000000000000e+03
7.168000000000000000e+03
7.156000000000000000e+03
7.144000000000000000e+03
7.133000000000000000e+03
7.123000000000000000e+03
7.110000000000000000e+03
7.100000000000000000e+03
7.090000000000000000e+03
7.078000000000000000e+03
7.062000000000000000e+03
7.051000000000000000e+03
7.041000000000000000e+03
7.030000000000000000e+03
7.018000000000000000e+03
7.008000000000000000e+03
6.996000000000000000e+03
6.984000000000000000e+03
6.973000000000000000e+03
6.961000000000000000e+03
6.940000000000000000e+03
6.928000000000000000e+03
6.915000000000000000e+03
6.905000000000000000e+03
6.893000000000000000e+03
6.883000000000000000e+03
6.868000000000000000e+03
6.856000000000000000e+03
6.846000000000000000e+03
6.836000000000000000e+03
6.825000000000000000e+03
6.815000000000000000e+03
6.804000000000000000e+03
6.793000000000000000e+03
6.781000000000000000e+03
6.771000000000000000e+03
6.760000000000000000e+03
6.749000000000000000e+03
6.737000000000000000e+03
6.726000000000000000e+03
6.715000000000000000e+03
6.702000000000000000e+03
6.692000000000000000e+03
6.678000000000000000e+03
6.667000000000000000e+03
6.657000000000000000e+03
6.644000000000000000e+03
6.632000000000000000e+03
6.620000000000000000e+03
6.609000000000000000e+03
6.589000000000000000e+03
6.578000000000000000e+03
6.568000000000000000e+03
6.556000000000000000e+03
6.541000000000000000e+03
6.530000000000000000e+03
6.513000000000000000e+03
6.499000000000000000e+03
6.486000000000000000e+03
6.471000000000000000e+03
6.461000000000000000e+03
6.449000000000000000e+03
6.437000000000000000e+03
6.422000000000000000e+03
6.411000000000000000e+03
6.399000000000000000e+03
6.389000000000000000e+03
6.378000000000000000e+03
6.367000000000000000e+03
6.357000000000000000e+03
6.345000000000000000e+03
6.331000000000000000e+03
6.319000000000000000e+03
6.307000000000000000e+03
6.294000000000000000e+03
6.281000000000000000e+03
6.269000000000000000e+03
6.255000000000000000e+03
6.242000000000000000e+03
6.230000000000000000e+03
6.220000000000000000e+03
6.205000000000000000e+03
6.192000000000000000e+03
6.180000000000000000e+03
6.169000000000000000e+03
6.156000000000000000e+03
6.146000000000000000e+03
6.135000000000000000e+03
6.123000000000000000e+03
6.108000000000000000e+03
6.094000000000000000e+03
6.081000000000000000e+03
6.069000000000000000e+03
6.058000000000000000e+03
6.045000000000000000e+03
6.030000000000000000e+03
6.002000000000000000e+03
5.989000000000000000e+03
5.978000000000000000e+03
5.967000000000000000e+03
5.957000000000000000e+03
5.942000000000000000e+03
5.930000000000000000e+03
5.920000000000000000e+03
5.910000000000000000e+03
5.896000000000000000e+03
5.885000000000000000e+03
5.868000000000000000e+03
5.858000000000000000e+03
5.847000000000000000e+03
5.837000000000000000e+03
5.826000000000000000e+03
5.812000000000000000e+03
5.802000000000000000e+03
5.786000000000000000e+03
5.773000000000000000e+03
5.757000000000000000e+03
5.747000000000000000e+03
5.730000000000000000e+03
5.717000000000000000e+03
5.694000000000000000e+03
5.682000000000000000e+03
5.668000000000000000e+03
5.656000000000000000e+03
5.640000000000000000e+03
5.627000000000000000e+03
5.601000000000000000e+03
5.587000000000000000e+03
5.577000000000000000e+03
5.560000000000000000e+03
5.548000000000000000e+03
5.533000000000000000e+03
5.516000000000000000e+03
5.504000000000000000e+03
5.490000000000000000e+03
5.469000000000000000e+03
5.457000000000000000e+03
5.446000000000000000e+03
5.423000000000000000e+03
5.407000000000000000e+03
5.394000000000000000e+03
5.376000000000000000e+03
5.366000000000000000e+03
5.350000000000000000e+03
5.338000000000000000e+03
5.326000000000000000e+03
5.312000000000000000e+03
5.294000000000000000e+03
5.280000000000000000e+03
5.255000000000000000e+03
5.233000000000000000e+03
5.220000000000000000e+03
5.203000000000000000e+03
5.186000000000000000e+03
5.170000000000000000e+03
5.157000000000000000e+03
5.130000000000000000e+03
5.110000000000000000e+03
5.090000000000000000e+03
5.079000000000000000e+03
5.060000000000000000e+03
5.001000000000000000e+03
4.987000000000000000e+03
4.972000000000000000e+03
4.951000000000000000e+03
4.930000000000000000e+03
4.915000000000000000e+03
4.898000000000000000e+03
4.883000000000000000e+03
4.859000000000000000e+03
4.838000000000000000e+03
4.814000000000000000e+03
4.795000000000000000e+03
4.782000000000000000e+03
4.764000000000000000e+03
4.741000000000000000e+03
4.727000000000000000e+03
4.714000000000000000e+03
4.696000000000000000e+03
4.684000000000000000e+03
4.670000000000000000e+03
4.648000000000000000e+03
4.631000000000000000e+03
4.614000000000000000e+03
4.593000000000000000e+03
4.569000000000000000e+03
4.552000000000000000e+03
4.526000000000000000e+03
4.516000000000000000e+03
4.494000000000000000e+03
4.473000000000000000e+03
4.451000000000000000e+03
4.436000000000000000e+03
4.423000000000000000e+03
4.403000000000000000e+03
4.392000000000000000e+03
4.351000000000000000e+03
4.331000000000000000e+03
4.315000000000000000e+03
4.287000000000000000e+03
4.262000000000000000e+03
4.243000000000000000e+03
4.217000000000000000e+03
4.190000000000000000e+03
4.169000000000000000e+03
4.151000000000000000e+03
4.135000000000000000e+03
4.085000000000000000e+03
4.050000000000000000e+03
3.995000000000000000e+03
3.913000000000000000e+03
3.902000000000000000e+03
3.872000000000000000e+03
3.818000000000000000e+03
3.798000000000000000e+03
3.775000000000000000e+03
3.756000000000000000e+03
3.742000000000000000e+03
3.723000000000000000e+03
3.704000000000000000e+03
3.692000000000000000e+03
3.678000000000000000e+03
3.619000000000000000e+03
3.582000000000000000e+03
3.562000000000000000e+03
3.501000000000000000e+03
3.472000000000000000e+03
3.455000000000000000e+03
3.431000000000000000e+03
3.409000000000000000e+03
3.375000000000000000e+03
3.246000000000000000e+03
3.080000000000000000e+03
2.913000000000000000e+03
1.646000000000000000e+03
1.585000000000000000e+03
1.546000000000000000e+03
1.524000000000000000e+03
1.509000000000000000e+03
1.409000000000000000e+03
1.180000000000000000e+03
8.600000000000000000e+02
4.460000000000000000e+02
2.370000000000000000e+02
1.420000000000000000e+02
6.800000000000000000e+01
4.000000000000000000e+01
