9.967000000000000000e+03
9.957000000000000000e+03
9.947000000000000000e+03
9.937000000000000000e+03
9.927000000000000000e+03
9.917000000000000000e+03
9.907000000000000000e+03
9.897000000000000000e+03
9.887000000000000000e+03
9.877000000000000000e+03
9.867000000000000000e+03
9.856000000000000000e+03
9.846000000000000000e+03
9.836000000000000000e+03
9.826000000000000000e+03
9.815000000000000000e+03
9.805000000000000000e+03
9.795000000000000000e+03
9.784000000000000000e+03
9.774000000000000000e+03
9.764000000000000000e+03
9.753000000000000000e+03
9.742000000000000000e+03
9.731000000000000000e+03
9.721000000000000000e+03
9.711000000000000000e+03
9.701000000000000000e+03
9.691000000000000000e+03
9.680000000000000000e+03
9.670000000000000000e+03
9.659000000000000000e+03
9.649000000000000000e+03
9.639000000000000000e+03
9.627000000000000000e+03
9.617000000000000000e+03
9.607000000000000000e+03
9.596000000000000000e+03
9.586000000000000000e+03
9.576000000000000000e+03
9.566000000000000000e+03
9.556000000000000000e+03
9.546000000000000000e+03
9.536000000000000000e+03
9.526000000000000000e+03
9.516000000000000000e+03
9.506000000000000000e+03
9.495000000000000000e+03
9.485000000000000000e+03
9.475000000000000000e+03
9.465000000000000000e+03
9.454000000000000000e+03
9.444000000000000000e+03
9.434000000000000000e+03
9.424000000000000000e+03
9.414000000000000000e+03
9.404000000000000000e+03
9.394000000000000000e+03
9.384000000000000000e+03
9.373000000000000000e+03
9.361000000000000000e+03
9.351000000000000000e+03
9.341000000000000000e+03
9.331000000000000000e+03
9.321000000000000000e+03
9.311000000000000000e+03
9.301000000000000000e+03
9.291000000000000000e+03
9.281000000000000000e+03
9.269000000000000000e+03
9.259000000000000000e+03
9.249000000000000000e+03
9.238000000000000000e+03
9.227000000000000000e+03
9.217000000000000000e+03
9.207000000000000000e+03
9.197000000000000000e+03
9.187000000000000000e+03
9.176000000000000000e+03
9.165000000000000000e+03
9.155000000000000000e+03
9.144000000000000000e+03
9.134000000000000000e+03
9.124000000000000000e+03
9.114000000000000000e+03
9.104000000000000000e+03
9.094000000000000000e+03
9.084000000000000000e+03
9.074000000000000000e+03
9.063000000000000000e+03
9.053000000000000000e+03
9.043000000000000000e+03
9.033000000000000000e+03
9.023000000000000000e+03
9.013000000000000000e+03
9.002000000000000000e+03
8.992000000000000000e+03
8.982000000000000000e+03
8.971000000000000000e+03
8.961000000000000000e+03
8.951000000000000000e+03
8.941000000000000000e+03
8.931000000000000000e+03
8.919000000000000000e+03
8.908000000000000000e+03
8.898000000000000000e+03
8.888000000000000000e+03
8.878000000000000000e+03
8.868000000000000000e+03
8.857000000000000000e+03
8.846000000000000000e+03
8.836000000000000000e+03
8.825000000000000000e+03
8.815000000000000000e+03
8.804000000000000000e+03
8.794000000000000000e+03
8.784000000000000000e+03
8.774000000000000000e+03
8.764000000000000000e+03
8.754000000000000000e+03
8.744000000000000000e+03
8.733000000000000000e+03
8.723000000000000000e+03
8.713000000000000000e+03
8.703000000000000000e+03
8.693000000000000000e+03
8.683000000000000000e+03
8.671000000000000000e+03
8.660000000000000000e+03
8.649000000000000000e+03
8.639000000000000000e+03
8.626000000000000000e+03
8.615000000000000000e+03
8.605000000000000000e+03
8.595000000000000000e+03
8.585000000000000000e+03
8.575000000000000000e+03
8.564000000000000000e+03
8.552000000000000000e+03
8.541000000000000000e+03
8.530000000000000000e+03
8.520000000000000000e+03
8.510000000000000000e+03
8.498000000000000000e+03
8.488000000000000000e+03
8.478000000000000000e+03
8.468000000000000000e+03
8.458000000000000000e+03
8.448000000000000000e+03
8.438000000000000000e+03
8.427000000000000000e+03
8.417000000000000000e+03
8.406000000000000000e+03
8.395000000000000000e+03
8.385000000000000000e+03
8.375000000000000000e+03
8.364000000000000000e+03
8.354000000000000000e+03
8.343000000000000000e+03
8.333000000000000000e+03
8.323000000000000000e+03
8.312000000000000000e+03
8.302000000000000000e+03
8.292000000000000000e+03
8.282000000000000000e+03
8.272000000000000000e+03
8.262000000000000000e+03
8.251000000000000000e+03
8.241000000000000000e+03
8.230000000000000000e+03
8.220000000000000000e+03
8.210000000000000000e+03
8.200000000000000000e+03
8.189000000000000000e+03
8.179000000000000000e+03
8.169000000000000000e+03
8.159000000000000000e+03
8.149000000000000000e+03
8.137000000000000000e+03
8.126000000000000000e+03
8.116000000000000000e+03
8.106000000000000000e+03
8.096000000000000000e+03
8.086000000000000000e+03
8.074000000000000000e+03
8.064000000000000000e+03
8.054000000000000000e+03
8.044000000000000000e+03
8.031000000000000000e+03
8.020000000000000000e+03
8.010000000000000000e+03
7.998000000000000000e+03
7.988000000000000000e+03
7.976000000000000000e+03
7.966000000000000000e+03
7.956000000000000000e+03
7.945000000000000000e+03
7.935000000000000000e+03
7.923000000000000000e+03
7.913000000000000000e+03
7.901000000000000000e+03
7.891000000000000000e+03
7.881000000000000000e+03
7.871000000000000000e+03
7.859000000000000000e+03
7.849000000000000000e+03
7.837000000000000000e+03
7.826000000000000000e+03
7.816000000000000000e+03
7.806000000000000000e+03
7.796000000000000000e+03
7.785000000000000000e+03
7.775000000000000000e+03
7.765000000000000000e+03
7.754000000000000000e+03
7.744000000000000000e+03
7.734000000000000000e+03
7.724000000000000000e+03
7.714000000000000000e+03
7.704000000000000000e+03
7.694000000000000000e+03
7.683000000000000000e+03
7.672000000000000000e+03
7.662000000000000000e+03
7.652000000000000000e+03
7.642000000000000000e+03
7.632000000000000000e+03
7.622000000000000000e+03
7.610000000000000000e+03
7.597000000000000000e+03
7.587000000000000000e+03
7.576000000000000000e+03
7.564000000000000000e+03
7.553000000000000000e+03
7.543000000000000000e+03
7.533000000000000000e+03
7.522000000000000000e+03
7.511000000000000000e+03
7.501000000000000000e+03
7.490000000000000000e+03
7.478000000000000000e+03
7.468000000000000000e+03
7.457000000000000000e+03
7.447000000000000000e+03
7.437000000000000000e+03
7.427000000000000000e+03
7.416000000000000000e+03
7.406000000000000000e+03
7.396000000000000000e+03
7.386000000000000000e+03
7.375000000000000000e+03
7.365000000000000000e+03
7.355000000000000000e+03
7.345000000000000000e+03
7.334000000000000000e+03
7.323000000000000000e+03
7.311000000000000000e+03
7.300000000000000000e+03
7.289000000000000000e+03
7.279000000000000000e+03
7.268000000000000000e+03
7.257000000000000000e+03
7.247000000000000000e+03
7.235000000000000000e+03
7.225000000000000000e+03
7.212000000000000000e+03
7.202000000000000000e+03
7.192000000000000000e+03
7.182000000000000000e+03
7.172000000000000000e+03
7.161000000000000000e+03
7.151000000000000000e+03
7.140000000000000000e+03
7.130000000000000000e+03
7.120000000000000000e+03
7.109000000000000000e+03
7.098000000000000000e+03
7.086000000000000000e+03
7.076000000000000000e+03
7.066000000000000000e+03
7.056000000000000000e+03
7.045000000000000000e+03
7.035000000000000000e+03
7.024000000000000000e+03
7.014000000000000000e+03
7.004000000000000000e+03
6.992000000000000000e+03
6.979000000000000000e+03
6.969000000000000000e+03
6.957000000000000000e+03
6.947000000000000000e+03
6.935000000000000000e+03
6.924000000000000000e+03
6.914000000000000000e+03
6.902000000000000000e+03
6.892000000000000000e+03
6.880000000000000000e+03
6.870000000000000000e+03
6.857000000000000000e+03
6.845000000000000000e+03
6.834000000000000000e+03
6.823000000000000000e+03
6.813000000000000000e+03
6.801000000000000000e+03
6.789000000000000000e+03
6.778000000000000000e+03
6.768000000000000000e+03
6.758000000000000000e+03
6.746000000000000000e+03
6.736000000000000000e+03
6.725000000000000000e+03
6.713000000000000000e+03
6.699000000000000000e+03
6.688000000000000000e+03
6.677000000000000000e+03
6.666000000000000000e+03
6.656000000000000000e+03
6.644000000000000000e+03
6.634000000000000000e+03
6.623000000000000000e+03
6.612000000000000000e+03
6.602000000000000000e+03
6.592000000000000000e+03
6.582000000000000000e+03
6.572000000000000000e+03
6.556000000000000000e+03
6.544000000000000000e+03
6.531000000000000000e+03
6.520000000000000000e+03
6.507000000000000000e+03
6.495000000000000000e+03
6.484000000000000000e+03
6.474000000000000000e+03
6.462000000000000000e+03
6.452000000000000000e+03
6.441000000000000000e+03
6.430000000000000000e+03
6.420000000000000000e+03
6.410000000000000000e+03
6.400000000000000000e+03
6.390000000000000000e+03
6.380000000000000000e+03
6.370000000000000000e+03
6.360000000000000000e+03
6.350000000000000000e+03
6.339000000000000000e+03
6.326000000000000000e+03
6.313000000000000000e+03
6.303000000000000000e+03
6.289000000000000000e+03
6.276000000000000000e+03
6.265000000000000000e+03
6.255000000000000000e+03
6.244000000000000000e+03
6.234000000000000000e+03
6.223000000000000000e+03
6.210000000000000000e+03
6.197000000000000000e+03
6.185000000000000000e+03
6.174000000000000000e+03
6.160000000000000000e+03
6.149000000000000000e+03
6.139000000000000000e+03
6.125000000000000000e+03
6.112000000000000000e+03
6.101000000000000000e+03
6.089000000000000000e+03
6.079000000000000000e+03
6.065000000000000000e+03
6.050000000000000000e+03
6.040000000000000000e+03
6.028000000000000000e+03
6.014000000000000000e+03
6.003000000000000000e+03
5.990000000000000000e+03
5.980000000000000000e+03
5.965000000000000000e+03
5.947000000000000000e+03
5.936000000000000000e+03
5.925000000000000000e+03
5.911000000000000000e+03
5.900000000000000000e+03
5.889000000000000000e+03
5.878000000000000000e+03
5.865000000000000000e+03
5.855000000000000000e+03
5.845000000000000000e+03
5.829000000000000000e+03
5.819000000000000000e+03
5.805000000000000000e+03
5.790000000000000000e+03
5.779000000000000000e+03
5.767000000000000000e+03
5.756000000000000000e+03
5.746000000000000000e+03
5.728000000000000000e+03
5.716000000000000000e+03
5.705000000000000000e+03
5.694000000000000000e+03
5.682000000000000000e+03
5.671000000000000000e+03
5.660000000000000000e+03
5.650000000000000000e+03
5.639000000000000000e+03
5.623000000000000000e+03
5.613000000000000000e+03
5.602000000000000000e+03
5.591000000000000000e+03
5.580000000000000000e+03
5.569000000000000000e+03
5.555000000000000000e+03
5.544000000000000000e+03
5.530000000000000000e+03
5.520000000000000000e+03
5.503000000000000000e+03
5.492000000000000000e+03
5.479000000000000000e+03
5.468000000000000000e+03
5.450000000000000000e+03
5.440000000000000000e+03
5.429000000000000000e+03
5.416000000000000000e+03
5.404000000000000000e+03
5.388000000000000000e+03
5.377000000000000000e+03
5.367000000000000000e+03
5.355000000000000000e+03
5.343000000000000000e+03
5.333000000000000000e+03
5.320000000000000000e+03
5.310000000000000000e+03
5.298000000000000000e+03
5.268000000000000000e+03
5.255000000000000000e+03
5.244000000000000000e+03
5.231000000000000000e+03
5.216000000000000000e+03
5.203000000000000000e+03
5.191000000000000000e+03
5.179000000000000000e+03
5.168000000000000000e+03
5.156000000000000000e+03
5.139000000000000000e+03
5.129000000000000000e+03
5.117000000000000000e+03
5.103000000000000000e+03
5.089000000000000000e+03
5.078000000000000000e+03
5.063000000000000000e+03
5.053000000000000000e+03
5.043000000000000000e+03
5.030000000000000000e+03
5.019000000000000000e+03
5.009000000000000000e+03
4.995000000000000000e+03
4.985000000000000000e+03
4.972000000000000000e+03
4.955000000000000000e+03
4.942000000000000000e+03
4.924000000000000000e+03
4.912000000000000000e+03
4.898000000000000000e+03
4.880000000000000000e+03
4.870000000000000000e+03
4.836000000000000000e+03
4.820000000000000000e+03
4.807000000000000000e+03
4.796000000000000000e+03
4.785000000000000000e+03
4.773000000000000000e+03
4.761000000000000000e+03
4.751000000000000000e+03
4.731000000000000000e+03
4.714000000000000000e+03
4.703000000000000000e+03
4.667000000000000000e+03
4.653000000000000000e+03
4.637000000000000000e+03
4.622000000000000000e+03
4.583000000000000000e+03
4.569000000000000000e+03
4.556000000000000000e+03
4.545000000000000000e+03
4.532000000000000000e+03
4.519000000000000000e+03
4.509000000000000000e+03
4.469000000000000000e+03
4.456000000000000000e+03
4.443000000000000000e+03
4.433000000000000000e+03
4.412000000000000000e+03
4.402000000000000000e+03
4.383000000000000000e+03
4.363000000000000000e+03
4.351000000000000000e+03
4.338000000000000000e+03
4.327000000000000000e+03
4.312000000000000000e+03
4.302000000000000000e+03
4.290000000000000000e+03
4.279000000000000000e+03
4.267000000000000000e+03
4.246000000000000000e+03
4.234000000000000000e+03
4.221000000000000000e+03
4.204000000000000000e+03
4.194000000000000000e+03
4.178000000000000000e+03
4.167000000000000000e+03
4.154000000000000000e+03
4.142000000000000000e+03
4.127000000000000000e+03
4.116000000000000000e+03
4.105000000000000000e+03
4.080000000000000000e+03
4.064000000000000000e+03
4.047000000000000000e+03
4.032000000000000000e+03
4.020000000000000000e+03
4.007000000000000000e+03
3.995000000000000000e+03
3.983000000000000000e+03
3.953000000000000000e+03
3.846000000000000000e+03
3.830000000000000000e+03
3.815000000000000000e+03
3.803000000000000000e+03
3.787000000000000000e+03
3.774000000000000000e+03
3.764000000000000000e+03
3.749000000000000000e+03
3.738000000000000000e+03
3.724000000000000000e+03
3.705000000000000000e+03
3.691000000000000000e+03
3.654000000000000000e+03
3.639000000000000000e+03
3.604000000000000000e+03
3.592000000000000000e+03
3.582000000000000000e+03
3.571000000000000000e+03
3.558000000000000000e+03
3.541000000000000000e+03
3.518000000000000000e+03
3.508000000000000000e+03
3.498000000000000000e+03
3.481000000000000000e+03
3.467000000000000000e+03
3.394000000000000000e+03
3.380000000000000000e+03
3.362000000000000000e+03
3.344000000000000000e+03
3.330000000000000000e+03
3.302000000000000000e+03
3.258000000000000000e+03
3.245000000000000000e+03
3.230000000000000000e+03
2.977000000000000000e+03
2.967000000000000000e+03
2.956000000000000000e+03
2.693000000000000000e+03
2.675000000000000000e+03
2.657000000000000000e+03
2.637000000000000000e+03
2.622000000000000000e+03
2.409000000000000000e+03
2.395000000000000000e+03
2.160000000000000000e+03
2.148000000000000000e+03
2.137000000000000000e+03
2.091000000000000000e+03
1.513000000000000000e+03
1.501000000000000000e+03
1.487000000000000000e+03
1.475000000000000000e+03
1.463000000000000000e+03
1.440000000000000000e+03
1.413000000000000000e+03
1.398000000000000000e+03
1.386000000000000000e+03
1.360000000000000000e+03
1.328000000000000000e+03
1.006000000000000000e+03
9.910000000000000000e+02
9.750000000000000000e+02
9.520000000000000000e+02
9.150000000000000000e+02
9.010000000000000000e+02
8.850000000000000000e+02
8.660000000000000000e+02
8.020000000000000000e+02
7.850000000000000000e+02
4.070000000000000000e+02
2.860000000000000000e+02
1.650000000000000000e+02
8.400000000000000000e+01
3.000000000000000000e+01
1.200000000000000000e+01
