1.466300211904775774e-01
1.465123150996853751e-01
1.464218647349174174e-01
1.463222462808084490e-01
1.462197863968521527e-01
1.463835886831469091e-01
1.463707965853888737e-01
1.465353562239375407e-01
1.465447637140821768e-01
1.462869339183936190e-01
1.461580342345684125e-01
1.462014266773057625e-01
1.462247397980989683e-01
1.459860188871904274e-01
1.460476103943303683e-01
1.459937944880452532e-01
1.458329516516131408e-01
1.455587111337385831e-01
1.452842759846017240e-01
1.451633877649594062e-01
1.452480238999190876e-01
1.452124167682641021e-01
1.453112647601360330e-01
1.452131077318483676e-01
1.451658776758796288e-01
1.451996423747836107e-01
1.450159707817411381e-01
1.449943785772690175e-01
1.449419398688116811e-01
1.448908144910156515e-01
1.448690980874405287e-01
1.449107786648304863e-01
1.449167482859941292e-01
1.447464231594277062e-01
1.447160571834768261e-01
1.445713832361458229e-01
1.444455514595994750e-01
1.444832225493199729e-01
1.442176506781520096e-01
1.443240083058376089e-01
1.442130613401331751e-01
1.442497373148493300e-01
1.443911401449423371e-01
1.441751752983146673e-01
1.442406687989896685e-01
1.440982045514138665e-01
1.442152019594005463e-01
1.444049585629607058e-01
1.443142285463304419e-01
1.440828733925419436e-01
1.441138385316968751e-01
1.440655825678032464e-01
1.441245610060042925e-01
1.440761124621357525e-01
1.440186575946252323e-01
1.439091416548585189e-01
1.436600283165997138e-01
1.436980609418282429e-01
1.435829051404883261e-01
1.435136373221258255e-01
1.433651192336336810e-01
1.433640775987213567e-01
1.431917103024679117e-01
1.432780928748670635e-01
1.433613358147535766e-01
1.433963106882844285e-01
1.431774862652763769e-01
1.431006645890436635e-01
1.430561411963134633e-01
1.432370361416656634e-01
1.428614800759013259e-01
1.427623753316863420e-01
1.427160834022228320e-01
1.428011165709276442e-01
1.428350845769607858e-01
1.428781864417291991e-01
1.429938833636830442e-01
1.430730202477332735e-01
1.431412468459404008e-01
1.433213708246243723e-01
1.428265524625267624e-01
1.428935668414259008e-01
1.430788429540509332e-01
1.429305005054800348e-01
1.428375941786335368e-01
1.427970999264474017e-01
1.427050745540974219e-01
1.426564516392505311e-01
1.427856574489553276e-01
1.424375675474998104e-01
1.422422356135355226e-01
1.421111711636802166e-01
1.423870649840901226e-01
1.426104596092106214e-01
1.426624605678233348e-01
1.427413841128358230e-01
1.427737744849284507e-01
1.427636833251202109e-01
1.427438134964301164e-01
1.429402554735157982e-01
1.426054067993295094e-01
1.426424091639454661e-01
1.425058649752367623e-01
1.425152629418392491e-01
1.424006461184608996e-01
1.423961061291431907e-01
1.423292817679558120e-01
1.421332860058567849e-01
1.420032957733933232e-01
1.418253094541256087e-01
1.419883944451431068e-01
1.418904287570376677e-01
1.419201710361821245e-01
1.417537979525665681e-01
1.417117677173992674e-01
1.416297193842425695e-01
1.417100714450334198e-01
1.417543664787715429e-01
1.418149416645782812e-01
1.418711227854468349e-01
1.418068407447645451e-01
1.420024833502652739e-01
1.420572572421346935e-01
1.416605799603494475e-01
1.419279884964432248e-01
1.418432254053278441e-01
1.418695088578424413e-01
1.419489076407351724e-01
1.419493369700838559e-01
1.418694206196394192e-01
1.415531361779480413e-01
1.414077984261857546e-01
1.413598627516712281e-01
1.414139415227823604e-01
1.413217470843814438e-01
1.411327391182701230e-01
1.412104903811398082e-01
1.413066545399424001e-01
1.412251689223464612e-01
1.412250726781251464e-01
1.412209439316484405e-01
1.409199023877922841e-01
1.409085259756400754e-01
1.410012179507198482e-01
1.410297910553739709e-01
1.407962706312208545e-01
1.409109586876126086e-01
1.408234546994072689e-01
1.405951115834218890e-01
1.405149225054438400e-01
1.400807022815565295e-01
1.401319192964304294e-01
1.400500992224860963e-01
1.399730088591889521e-01
1.399439873971643489e-01
1.398231060814151550e-01
1.395294922888400679e-01
1.394109614893593307e-01
1.393987377060148525e-01
1.394809905512516268e-01
1.390679226574119964e-01
1.390189293710563934e-01
1.388986679082866715e-01
1.390592580770195485e-01
1.390316782488236480e-01
1.391423410155216145e-01
1.389464184475118214e-01
1.388885656095432131e-01
1.387145411830709441e-01
1.387693858651693202e-01
1.386994785645187800e-01
1.387266804856381319e-01
1.389242804920160501e-01
1.386880536270050368e-01
1.383882951225670066e-01
1.383663724497178338e-01
1.381366098367806938e-01
1.382220760714677199e-01
1.383170024588058211e-01
1.378810047829240881e-01
1.375119013762318709e-01
1.374533233756534689e-01
1.377108297960256966e-01
1.373982410005410437e-01
1.376387078815178577e-01
1.375146183962983604e-01
1.377355599816148246e-01
1.377590274928190417e-01
1.375944503184877710e-01
1.375669590870274017e-01
1.370764309676748283e-01
1.369288095705040176e-01
1.364821104178184918e-01
1.360227498181337258e-01
1.359449148599609081e-01
1.357455172690440748e-01
1.357336628078751606e-01
1.359624261073771045e-01
1.358413690071981483e-01
1.358906429234718882e-01
1.357989139377982490e-01
1.357421202649298497e-01
1.360169140203963123e-01
1.356802754140233602e-01
1.353169397381862871e-01
1.353323324306500708e-01
1.352370461382027822e-01
1.353684509441999140e-01
1.352457263434038159e-01
1.349338222655130926e-01
1.344038018433179604e-01
1.343445443766447811e-01
1.342886237998254240e-01
1.344270430429261587e-01
1.344382245338740234e-01
1.344804667306698231e-01
1.346467190045919082e-01
1.344170053141606758e-01
1.343511222094292412e-01
1.343122078780865369e-01
1.342445912917534234e-01
1.342795255911177210e-01
1.344822865487290964e-01
1.340515394503274671e-01
1.341305753070458906e-01
1.340865124197167801e-01
1.342838041636219559e-01
1.342416098993812756e-01
1.343487263144685639e-01
1.342069161265906641e-01
1.341339755371062925e-01
1.341807234672910687e-01
1.341834609592771899e-01
1.339441254274469362e-01
1.338738446570455765e-01
1.337283321907746514e-01
1.336855403698173905e-01
1.337003279877375383e-01
1.336259731654795557e-01
1.337039009452802574e-01
1.338891859377088489e-01
1.339038044483297774e-01
1.339978038685699924e-01
1.339131025580052314e-01
1.340530199508062348e-01
1.339631407774508343e-01
1.337632619097149922e-01
1.340522272355103295e-01
1.337559540487531506e-01
1.337940030672143121e-01
1.334823566980680165e-01
1.334558626719723196e-01
1.332722075400463724e-01
1.331405854716299353e-01
1.332231465000544846e-01
1.332943583747442373e-01
1.332573403688110114e-01
1.331584004730578807e-01
1.330288006239206677e-01
1.330294936212339241e-01
1.329441795863208209e-01
1.328004223068511847e-01
1.326358803609603010e-01
1.326559735144700047e-01
1.327453943718554519e-01
1.330154396354477075e-01
1.328904937532585373e-01
1.328903654485049934e-01
1.332981777699654424e-01
1.331303408309596203e-01
1.332436868437184840e-01
1.326837028935070051e-01
1.325983432710392540e-01
1.323058970283483848e-01
1.322601520789516150e-01
1.321897483842120191e-01
1.321683032888961440e-01
1.320007388101052670e-01
1.320326678765880168e-01
1.322411859972592585e-01
1.319751251073096043e-01
1.321274581974971052e-01
1.317299345796371091e-01
1.314858239181411204e-01
1.315755627009646267e-01
1.313216343974616396e-01
1.311115935735996663e-01
1.307818122342165601e-01
1.307944845699277603e-01
1.306385600492892540e-01
1.306483735339676877e-01
1.303534442440034691e-01
1.308053691275167796e-01
1.309510423460094053e-01
1.307887120115774349e-01
1.303278128345900511e-01
1.304557014227782086e-01
1.304768041237113485e-01
1.305857033762987951e-01
1.301522984490708357e-01
1.297965490600051508e-01
1.296182990539840874e-01
1.296905703260020359e-01
1.297777353355456242e-01
1.292991485881956892e-01
1.288931944780818684e-01
1.288374923919659298e-01
1.283654553479476323e-01
1.282792352156514049e-01
1.282884939938449265e-01
1.280378037803780455e-01
1.278920792825382347e-01
1.276644105465198631e-01
1.275085845097291004e-01
1.269617757751094478e-01
1.265809742149867356e-01
1.262274270020986022e-01
1.256097879111992277e-01
1.258823838139974394e-01
1.257295270288113775e-01
1.254391568189076878e-01
1.253013984889889132e-01
1.248112597066436541e-01
1.249151207322704155e-01
1.246069289874490726e-01
1.249103843820658505e-01
1.249097272373757006e-01
1.238255033557046914e-01
1.238539850385285968e-01
1.241185965508452976e-01
1.240447131287783777e-01
1.235796680378563467e-01
1.236189647672901321e-01
1.239250211351776848e-01
1.236070381231671594e-01
1.236446361568233482e-01
1.237857588450227281e-01
1.239476983700519425e-01
1.237001863316703754e-01
1.235053730891478713e-01
1.237273669450710267e-01
1.239236355836116771e-01
1.236000000000000015e-01
1.236663883477131520e-01
1.236997819993771452e-01
1.238846623462008106e-01
1.234105501699609697e-01
1.230427892234548376e-01
1.232011232011231971e-01
1.233616037008481159e-01
1.231657367691166571e-01
1.233943168548073122e-01
1.234781473381858508e-01
1.235670881918213143e-01
1.234833206599001559e-01
1.231727215210948745e-01
1.222274341620317589e-01
1.219306529951430101e-01
1.213731099305271760e-01
1.214300390384220191e-01
1.210776218001651527e-01
1.215597920277296379e-01
1.218279419966536575e-01
1.216557825995365494e-01
1.208445324656952924e-01
1.206276909938440722e-01
1.198409286328460943e-01
1.199265975820379970e-01
1.198913043478260915e-01
1.195136200978602209e-01
1.190817790530846465e-01
1.189647511848341277e-01
1.187576807060663625e-01
1.184921230307576928e-01
1.184701844378229507e-01
1.181935386015470907e-01
1.180071936940384203e-01
1.180293823552034521e-01
1.182987294700960645e-01
1.185442346699953214e-01
1.186301047428504202e-01
1.182884911698471042e-01
1.183629638467963291e-01
1.185742289074688954e-01
1.184003866135073108e-01
1.177283067923301924e-01
1.175267849840516826e-01
1.174724867070607165e-01
1.178304239401496284e-01
1.176027139087825052e-01
1.180265654648956358e-01
1.182115409112139554e-01
1.173672708574366869e-01
1.173119254175838400e-01
1.171946291226697995e-01
1.168985036640484421e-01
1.171616433520144690e-01
1.171739613419240100e-01
1.175149364359193149e-01
1.173623988060241569e-01
1.175319652363834982e-01
1.173698178823098792e-01
1.172921943357126406e-01
1.174372278328546237e-01
1.179057689608384446e-01
1.175721561969439721e-01
1.175351844807911716e-01
1.172357645706623291e-01
1.162217063261752753e-01
1.166536889234962016e-01
1.163672163426039824e-01
1.159456241317721736e-01
1.155985368542366137e-01
1.153437009270047164e-01
1.147189462398529591e-01
1.141295943089850051e-01
1.142131979695431426e-01
1.136042680056488369e-01
1.138438802976724507e-01
1.140896760810595212e-01
1.144755881880057946e-01
1.145580869284213987e-01
1.148410850614543233e-01
1.149665092785769199e-01
1.151997347919774539e-01
1.151721444115841736e-01
1.150537029747511625e-01
1.146627232396769391e-01
1.138585393904542886e-01
1.136534785379134521e-01
1.137556877843892145e-01
1.137113888233907133e-01
1.132310984308131235e-01
1.127955242735968200e-01
1.127887938875750395e-01
1.120393120393120417e-01
1.120347394540942981e-01
1.124086679572846997e-01
1.123256690539012476e-01
1.128461246680996372e-01
1.132147638171734499e-01
1.130585516178736483e-01
1.126260015507883211e-01
1.123919308357348712e-01
1.117580890623966067e-01
1.117639204166110262e-01
1.114026236125126162e-01
1.119387824202613957e-01
1.119540701250768960e-01
1.127694859038142622e-01
1.125887759364990887e-01
1.109545614653046908e-01
1.102705017486260847e-01
1.100461228019602167e-01
1.093806855396259325e-01
1.091670954936411059e-01
1.092243808393889987e-01
1.083960366535051817e-01
1.087579137775098043e-01
1.077133728890917325e-01
1.076687116564417207e-01
1.074668527564549836e-01
1.071093015972439666e-01
1.065004733354370514e-01
1.068604744030029613e-01
1.070737995488237199e-01
1.070119716589298803e-01
1.071869597431464594e-01
1.070181273906535835e-01
1.068895643363728526e-01
1.060853145652733698e-01
1.044345316189976419e-01
1.045352492141894962e-01
1.044613710554951058e-01
1.047340522756351616e-01
1.027032083060518131e-01
1.033995668142009550e-01
1.042084168336673278e-01
1.039160973732319859e-01
1.044137662842698766e-01
1.035505884680051475e-01
1.030120481927710857e-01
1.021652942970417838e-01
1.018728133360773808e-01
1.014492753623188470e-01
1.002990813928647668e-01
1.006668100666810034e-01
9.962488967343335888e-02
9.913744819088159133e-02
9.821024014499320220e-02
9.908256880733945504e-02
9.908765446356392059e-02
9.849906191369606212e-02
9.882095539078643298e-02
9.893947232281427584e-02
1.018744906275468598e-01
1.057237464522232800e-01
1.063049853372434045e-01
1.050076647930505841e-01
1.063607924921793485e-01
1.014884979702300460e-01
9.619418639496553347e-02
9.629101283880171780e-02
1.029684601113172587e-01
9.565217391304348116e-02
1.123595505617977497e-01
8.823529411764706454e-02
7.594936708860759722e-02
5.084745762711864736e-02
