2.799269523952797011e-03
2.416695336952782037e-03
2.396566189819031734e-03
2.377113432284131810e-03
2.374614152013917231e-03
2.363542840027867738e-03
2.255665351443835419e-03
2.120377407814413862e-03
2.054991979617633475e-03
2.063212476250791440e-03
1.969761766999572356e-03
1.981823124826908103e-03
1.986582260357329204e-03
1.984060607776179375e-03
1.535185156812575620e-03
1.528287206846726731e-03
1.529185872699185015e-03
1.530397520756016398e-03
1.534203141280931874e-03
1.523434863517591793e-03
1.519026532975131186e-03
1.479431924618475336e-03
1.484210209627978084e-03
1.480536484649086016e-03
1.488065110440750733e-03
1.487791953695022937e-03
1.496397372080231431e-03
1.408914715097818026e-03
1.415752179976615364e-03
1.424738709300141454e-03
1.432225792890174602e-03
1.398701717892622759e-03
1.404256698124417210e-03
1.409229368340036113e-03
1.424334945144843873e-03
1.433670674817758483e-03
1.420785299608099978e-03
1.405495447155773658e-03
1.251854024731347123e-03
1.227982816680310910e-03
1.213990279558533518e-03
1.218662208215921198e-03
1.255971372666537427e-03
1.192869891331360330e-03
1.193786819861685335e-03
1.207008976262156702e-03
1.210434782608695546e-03
1.182066364583040253e-03
1.158492076573500694e-03
1.162873147557257243e-03
1.152931910593214381e-03
1.117740276901524592e-03
1.099960823313142358e-03
1.101624896722666006e-03
1.095949617189429480e-03
1.095341668361838206e-03
1.066567615611153886e-03
1.070397560791013078e-03
9.514963412700210574e-04
9.567797527179948630e-04
9.398169097427686415e-04
9.292865533989093591e-04
9.161004656844033527e-04
9.216644314334835469e-04
8.817072731853025248e-04
8.719821243664505018e-04
8.581862446743761773e-04
8.639441193590882131e-04
8.670200336969487989e-04
8.705369546024238972e-04
8.784991993819353659e-04
8.822922076703105425e-04
8.878925461105898441e-04
8.736333651977386565e-04
8.664454556540379139e-04
8.683570684265369457e-04
8.781687254844563898e-04
8.820012936018972304e-04
8.856872933396315760e-04
8.939213349225267734e-04
8.978989165353073402e-04
8.852228146061764209e-04
8.886255924170615708e-04
8.910069053035161394e-04
8.941817221127074892e-04
8.979347500748278499e-04
8.868173568718032982e-04
8.826125330979700230e-04
8.681106947002900859e-04
7.633365805429140729e-04
7.498070349542397105e-04
7.569854168985862405e-04
7.176496972415339314e-04
7.263702672437275269e-04
7.107809418993901295e-04
7.166470166678225564e-04
6.759801712483100907e-04
6.780876369814968063e-04
6.812095776500619012e-04
6.853901603182731110e-04
6.899614573254873786e-04
6.723011909335382258e-04
5.004044936323528503e-04
5.062906614687491926e-04
5.072794602546542870e-04
5.091304052678026059e-04
5.137470138454819975e-04
5.176519308417020524e-04
5.206525511975008654e-04
5.027164326536371491e-04
5.058977021593843992e-04
4.909671142953258389e-04
4.951493700599680870e-04
4.995282233446190091e-04
5.011321875348008926e-04
5.048710708876381513e-04
4.818776219811784427e-04
4.858114480038864852e-04
4.878982110398928738e-04
4.905685786015909385e-04
4.935213230242212158e-04
5.008691552989010497e-04
5.063542494042890885e-04
5.084695067845783865e-04
4.817004024205445321e-04
4.862482905333536114e-04
4.919343267673765814e-04
4.665968499528218858e-04
4.719553635105088883e-04
4.737939312261787105e-04
4.831073464523817380e-04
4.855259324795269680e-04
4.931831134101968264e-04
4.708309044437469369e-04
4.749465685110425121e-04
4.824480793971696246e-04
4.849212580242922275e-04
4.861955200555652108e-04
4.885027391046442742e-04
4.922067268252666630e-04
4.942164903568948588e-04
4.986228511729509129e-04
5.003395161002108888e-04
5.023683077364719373e-04
5.063230099697412162e-04
5.087394164032122811e-04
5.126577643239020425e-04
5.156031329028456329e-04
5.180005180005180362e-04
5.189349477976153233e-04
4.847189251668551570e-04
4.860903380197427329e-04
4.885871063115431899e-04
4.905043390768457079e-04
4.937396346326704006e-04
4.984917429316427411e-04
4.676600111718780435e-04
4.702317197418950348e-04
4.775169120573020108e-04
4.067741454353161258e-04
4.091653027823240782e-04
4.118276912939625839e-04
4.128535058143535360e-04
4.158984098817462144e-04
4.245923913043478143e-04
4.265605004976539367e-04
4.290863321700326004e-04
4.315429097499928236e-04
4.367956669869835153e-04
4.379178466119755813e-04
4.394960445355991616e-04
4.427913567127169780e-04
4.497009488690021230e-04
4.524613899613899788e-04
4.553250261811890207e-04
4.570453541339752359e-04
4.160759415644455146e-04
4.181249419270914158e-04
4.218420435903445136e-04
4.259010963009700877e-04
4.277363243191863737e-04
4.293073840870063147e-04
4.328657314629258705e-04
4.003536457203863341e-04
4.016400301230022745e-04
4.034901901447521038e-04
4.052411184654869641e-04
4.085801838610827390e-04
4.114238694414921169e-04
4.132871829312393590e-04
4.205214465937762635e-04
4.235642935300554311e-04
4.250420614539980732e-04
4.340199287483950371e-04
4.366573876971780897e-04
4.429842371442282989e-04
4.466030257354993501e-04
4.505773021684032742e-04
3.960396039603960661e-04
3.983459160059182880e-04
4.000380988665587327e-04
4.041337105247964846e-04
4.087034370012845039e-04
4.105090311986863577e-04
4.130605822187254127e-04
4.210526315789473915e-04
4.231823311300983589e-04
4.268726496595182541e-04
4.294566351050123527e-04
4.332934428258985765e-04
4.359469390297066840e-04
4.382395292055343643e-04
4.426644182124789186e-04
4.459072088332094582e-04
4.495825305073859789e-04
4.517489136514219600e-04
4.629119365149344362e-04
4.663557628247834864e-04
4.694520823553081511e-04
4.715180636324853292e-04
4.753712423035132313e-04
4.779244424214838479e-04
4.803183824706662810e-04
4.841052121994513435e-04
4.885425148307548631e-04
4.904708520179372261e-04
4.997501249375312180e-04
5.037904231839554882e-04
5.121951219512195334e-04
5.176876617773943506e-04
4.500337525314398513e-04
4.529099464056563547e-04
4.613137189574310036e-04
4.649480807976442585e-04
4.676539360872954089e-04
4.754609329600084340e-04
4.779860852939614695e-04
4.948045522018803058e-04
4.978702218288432466e-04
4.998611496806442799e-04
5.081874647092038486e-04
5.119453924914675819e-04
5.143885920041150637e-04
5.189563211763010457e-04
5.247201492537313400e-04
5.369768205005817467e-04
5.397463192299619284e-04
5.426426698019354592e-04
5.462490895848506672e-04
5.513692335967653162e-04
4.766747171730011177e-04
4.802151363810987250e-04
4.855626052052311285e-04
4.878207421379557188e-04
4.899078973153046714e-04
4.940548730278976515e-04
4.977105315548477219e-04
4.994339748285276607e-04
5.047615842783591484e-04
4.176382556642188690e-04
4.201386457530985308e-04
4.217333239614817005e-04
4.238934614433572138e-04
4.273504273504273501e-04
4.302000430200043283e-04
4.335730028543556178e-04
4.393351394889067610e-04
4.434753686389001997e-04
4.454673695151830010e-04
4.495560633874049611e-04
4.518072289156626633e-04
4.534804625500717871e-04
4.558750902252782663e-04
4.585753592173646954e-04
4.625346901017576536e-04
4.667081518357187259e-04
4.699800258489014119e-04
4.729809625162587137e-04
4.778021102926537978e-04
4.825672578115574652e-04
4.855351001416143941e-04
4.904565332897372482e-04
4.979873013238162414e-04
3.762384515697504359e-04
3.789792824658918678e-04
3.816470189127300384e-04
3.843525794328664022e-04
3.854389721627409253e-04
3.904894133981256761e-04
3.937524609528809342e-04
4.004449388209121411e-04
4.050587335163598722e-04
4.070556309362279306e-04
4.093514054398253400e-04
4.175365344467641153e-04
4.205214465937762635e-04
4.245483277513090181e-04
4.288777698355968342e-04
4.306838302148633920e-04
4.332129963898916948e-04
4.346356304631284286e-04
4.384255650818394390e-04
4.433060782188947137e-04
4.466944609886837250e-04
4.489001945234176254e-04
4.515352197471402765e-04
4.533091568449682668e-04
4.580385770268207151e-04
4.618463591112023322e-04
4.653086547409781746e-04
4.684572142410993391e-04
4.768969902501059635e-04
4.832993233809472597e-04
4.869339392955688911e-04
4.926378017406535552e-04
4.991957401963503056e-04
5.081874647092038486e-04
5.124117513094966552e-04
5.173008391769169179e-04
5.214670606640013422e-04
5.278901988386415587e-04
5.354911643957874830e-04
5.409629139868966669e-04
5.463485703879074730e-04
5.507281850446701281e-04
5.551100968358724805e-04
5.614122637390056353e-04
5.652201218363374184e-04
5.728470498376933518e-04
5.756315957787016060e-04
5.857087075361186662e-04
5.924560595089197043e-04
6.128285441917472693e-04
6.163961372508732764e-04
6.210322936792713171e-04
6.250000000000000130e-04
6.315789473684210601e-04
4.264089261601876324e-04
4.295532646048109884e-04
4.340277777777777537e-04
4.378922784994891508e-04
4.445761707172495481e-04
4.492026652691472792e-04
4.545110218922809018e-04
4.605818684271129363e-04
4.642525533890436411e-04
4.670351054720946302e-04
4.707359171504785678e-04
4.735222160839712836e-04
4.791566842357451077e-04
4.825478526620556531e-04
4.893964110929852973e-04
5.073566717402333559e-04
5.119890775663452943e-04
5.164844624257553451e-04
5.293339214821349498e-04
5.413696652530903403e-04
5.504082194294101409e-04
5.541189508681197392e-04
5.670005670005669532e-04
5.760921747479596459e-04
5.852516582130315621e-04
5.922416345869114173e-04
5.968367651447329487e-04
6.046558500453491636e-04
6.114961271911944270e-04
6.152584085315832745e-04
6.204756980351602705e-04
6.255212677231025611e-04
6.319115323854659818e-04
6.440532417346501006e-04
6.502655250894115360e-04
6.614485723734979091e-04
6.704659738518270592e-04
6.816632583503749428e-04
7.048044167743451344e-04
7.207207207207207318e-04
7.361963190184049512e-04
7.492507492507492501e-04
7.609384908053265680e-04
7.685410529012424953e-04
3.905741439916677422e-04
3.954653308726601714e-04
4.009087264466123417e-04
4.067245119305856684e-04
4.178272980501392662e-04
4.360465116279069707e-04
4.418912947414936100e-04
4.477611940298507507e-04
4.604051565377532398e-04
4.675081813931744037e-04
4.818503051718599261e-04
4.924491135915954948e-04
5.083884087442806354e-04
5.166178749784742542e-04
5.329543435779001597e-04
0.000000000000000000e+00
0.000000000000000000e+00
0.000000000000000000e+00
0.000000000000000000e+00
0.000000000000000000e+00
0.000000000000000000e+00
0.000000000000000000e+00
0.000000000000000000e+00
0.000000000000000000e+00
0.000000000000000000e+00
0.000000000000000000e+00
0.000000000000000000e+00
0.000000000000000000e+00
0.000000000000000000e+00
0.000000000000000000e+00
0.000000000000000000e+00
0.000000000000000000e+00
0.000000000000000000e+00
0.000000000000000000e+00
0.000000000000000000e+00
0.000000000000000000e+00
0.000000000000000000e+00
0.000000000000000000e+00
0.000000000000000000e+00
0.000000000000000000e+00
0.000000000000000000e+00
0.000000000000000000e+00
0.000000000000000000e+00
0.000000000000000000e+00
0.000000000000000000e+00
0.000000000000000000e+00
