2.799269523952797011e-03
2.789962246712103001e-03
2.795888624683592893e-03
2.802272570018374265e-03
2.803619217535363670e-03
2.721061724517040859e-03
2.728196083680427177e-03
2.727709376402151237e-03
2.735018342459970622e-03
2.741293413744606833e-03
2.747389482276351488e-03
2.752112445730536382e-03
2.755816670294492995e-03
2.759558470644696889e-03
2.764290178356809766e-03
2.768082801781201162e-03
2.741509609435968751e-03
2.746696267247875165e-03
2.750445730419808204e-03
2.749093308299614333e-03
2.749483960320691506e-03
2.753229513637089725e-03
2.753802650304027280e-03
2.758521383169111347e-03
2.762635814143211879e-03
2.769144992927425903e-03
2.772166454299655140e-03
2.776876419639068456e-03
2.774393101509045091e-03
2.778362976853232785e-03
2.776785322527062713e-03
2.780614545172404445e-03
2.784988784434306967e-03
2.792799654708406302e-03
2.802789594989454815e-03
2.806145330138513222e-03
2.797027726400618149e-03
2.802125810259758956e-03
2.807339807255327096e-03
2.812915100318623234e-03
2.768340529995835624e-03
2.771874711263050753e-03
2.766978080414473056e-03
2.771387085866588735e-03
2.764395122437452324e-03
2.769511407590857874e-03
2.779794811940644421e-03
2.786074982921896148e-03
2.786020220464828848e-03
2.789078461593605309e-03
2.801429291474654554e-03
2.804673103522849729e-03
2.804244750508015551e-03
2.808836300477637882e-03
2.816607552680993037e-03
2.825507829295647883e-03
2.829621259067546541e-03
2.827863240060254565e-03
2.827650579256575127e-03
2.822078288581596119e-03
2.822389577170617524e-03
2.818533531546338431e-03
2.820484844826905754e-03
2.825292295672070676e-03
2.829233079905459428e-03
2.819951036671054876e-03
2.824561033705022886e-03
2.812382964590826474e-03
2.817107439381463189e-03
2.819261878892463137e-03
2.817823444860318403e-03
2.825140900335307032e-03
2.827812082078322298e-03
2.831130943398937807e-03
2.830392509902772934e-03
2.830931294549253550e-03
2.836954712456788482e-03
2.840106359085080041e-03
2.845673052492504653e-03
2.849969464612879359e-03
2.857240042178305593e-03
2.864366405074020468e-03
2.868733488316497528e-03
2.875558728885672152e-03
2.880496150765560377e-03
2.890194719496280273e-03
2.870591056947130199e-03
2.876952083348982558e-03
2.884036144578313275e-03
2.881909604605019902e-03
2.887449923152510863e-03
2.886538578095642228e-03
2.891767444213935116e-03
2.897646897768583682e-03
2.904435680598471160e-03
2.903482141037918522e-03
2.892383390405265948e-03
2.897006426692417657e-03
2.903924020407062760e-03
2.909234956091387610e-03
2.913274071860760383e-03
2.904372565167666256e-03
2.909231962761830732e-03
2.917205809518129585e-03
2.912190449987930863e-03
2.914815680773127395e-03
2.934384341581167815e-03
2.929510619475995427e-03
2.933399220914400651e-03
2.936927121574571791e-03
2.943263066004520208e-03
2.947522997810486742e-03
2.958885804506733008e-03
2.967351160484241798e-03
2.974492923585383541e-03
2.982011735659088891e-03
2.988359856365929452e-03
2.988834166697996227e-03
2.988055874215534043e-03
2.982147742262260866e-03
2.988226225824137244e-03
2.988364972443355739e-03
2.981626952597046191e-03
2.984079444283520288e-03
2.993191312070345340e-03
3.001987579688749925e-03
3.007444250741533182e-03
3.013985222640217735e-03
3.003675768965889149e-03
3.013193124592483847e-03
3.020988358345967108e-03
3.024336720627591752e-03
3.027575256071923879e-03
3.034123382081021884e-03
3.004202508002767977e-03
3.012269695718334216e-03
3.016108568580361596e-03
3.016085790884718339e-03
3.023865408007675101e-03
3.028673732618730394e-03
3.048034607713052870e-03
3.049317513073660120e-03
3.049001184274913873e-03
3.057180600113228695e-03
3.072111471258398823e-03
3.080307387179719719e-03
3.091657515986776135e-03
3.105928991325225888e-03
3.091373173750570046e-03
3.095137571580631325e-03
3.101611288554130888e-03
3.105154676076587669e-03
3.113909696618798011e-03
3.117622677551314548e-03
3.124115887242892662e-03
3.127721313401894253e-03
3.134029583065370706e-03
3.141275696875974258e-03
3.146236337514169996e-03
3.157808274187807237e-03
3.165232452475773024e-03
3.172992272327105658e-03
3.179591799226237983e-03
3.187637616580629111e-03
3.199773118206647535e-03
3.184683806393508176e-03
3.194838436459770427e-03
3.204877911644077575e-03
3.211890291904146919e-03
3.217158176943699620e-03
3.224266716400454088e-03
3.232768866534186433e-03
3.240193649220447520e-03
3.243965270489456917e-03
3.248469715981834073e-03
3.255208333333333478e-03
3.252162512191612322e-03
3.232965989710957257e-03
3.238054854191160705e-03
3.235652056329321735e-03
3.241684514747245581e-03
3.245154938335578602e-03
3.256820796848489651e-03
3.258125746042306661e-03
3.266242937853107171e-03
3.271334075577968237e-03
3.279958762480423770e-03
3.281864731816294851e-03
3.288094522813631883e-03
3.294707627777428583e-03
3.303493543925519003e-03
3.308002975874163153e-03
3.322713549398675567e-03
3.117978973365118957e-03
3.115854056972669137e-03
3.119566153051562575e-03
3.125959610945689207e-03
3.135533975206440151e-03
3.128171618446480562e-03
3.136948724830343396e-03
3.134610008386916509e-03
3.141636312692631071e-03
3.149047913273043866e-03
3.155495205195134236e-03
3.164099289929557437e-03
3.170384298645252674e-03
3.158219345599937427e-03
3.166187533536357884e-03
3.175655446730251200e-03
3.186330605939234357e-03
3.185330262789746666e-03
3.174648880954266533e-03
3.181347636172139007e-03
3.187498644770984414e-03
3.192968229604100944e-03
3.197876783849634610e-03
3.196166055189315642e-03
3.216363569834242153e-03
3.212310545430460684e-03
3.217836430346786812e-03
3.225926063257814405e-03
3.233479521296365056e-03
3.242131310044644565e-03
3.247807729782396964e-03
3.247107105677551724e-03
3.246300311056650196e-03
3.253464126873764715e-03
3.233875222518702887e-03
3.237635613991753699e-03
3.248436785115144283e-03
3.225211942499078312e-03
3.221671805175459896e-03
3.231610322620499971e-03
3.240970200111517336e-03
3.236346421004431591e-03
3.231815689279005695e-03
3.245003631592512008e-03
3.252293434359247205e-03
3.268526567103125641e-03
3.263225591310768819e-03
3.272988850257762747e-03
3.277219125514691574e-03
3.289024537167182030e-03
3.298920902430084109e-03
3.303524970050460488e-03
3.314192757335534655e-03
3.320880033208800305e-03
3.328343537262355798e-03
3.332598201377147146e-03
3.346799827738243961e-03
3.346119653616937313e-03
3.346867340463916506e-03
3.348590801371089526e-03
3.357119891770463018e-03
3.370419122517250184e-03
3.369368611449964201e-03
3.382201482574033295e-03
3.392900419648209754e-03
3.392057891121341619e-03
3.397464935597740120e-03
3.312964735330928365e-03
3.325711006581864686e-03
3.330885438522870369e-03
3.330992714824892488e-03
3.314698243606110147e-03
3.323696232702875748e-03
3.332625205799564540e-03
3.344154834812962905e-03
3.347029119601403497e-03
3.356126840927674791e-03
3.365577397016485464e-03
3.372156013001083568e-03
3.380488202231936995e-03
3.390984611194334825e-03
3.399085386663026290e-03
3.415762807967369797e-03
3.404798882527546380e-03
3.400670918273306954e-03
3.408508338837135197e-03
3.404148893304247483e-03
3.409422995746338742e-03
3.376768950539442340e-03
3.365454571057090866e-03
3.353836864846506706e-03
3.359843490834857511e-03
3.360833942524043324e-03
3.370658135283363839e-03
3.384013880192525588e-03
3.380727455822763686e-03
3.387175816045123918e-03
3.394073610475892549e-03
3.397623109620333866e-03
3.400950336477001450e-03
3.410443212492380877e-03
3.409769816251293113e-03
3.390590138059374446e-03
3.378841595988482573e-03
3.385539331135186021e-03
3.379325610565926240e-03
3.381518321501315177e-03
3.390418597734764106e-03
3.391299151428230161e-03
3.386917904706716800e-03
3.408628152855354594e-03
3.395225464190981639e-03
3.393475801829129099e-03
3.401170327966364371e-03
3.413456877681910698e-03
3.431173933335726883e-03
3.422235757460009246e-03
3.384094754653130168e-03
3.394518481267286888e-03
3.390935425023526226e-03
3.396041637050024528e-03
3.362960680454982632e-03
3.371720163206170292e-03
3.330854056850887559e-03
3.321684931432861490e-03
3.315078733119911514e-03
3.306368423910092860e-03
3.322947984132787122e-03
3.331145388907121550e-03
3.339976174836619283e-03
3.352873132868774281e-03
3.360497353608334070e-03
3.278009730513094591e-03
3.287557460159994289e-03
3.282636762058045374e-03
3.291994704939733667e-03
3.265215847646541630e-03
3.283063256026264552e-03
3.292176239994366350e-03
3.301806282260295444e-03
3.307763515545309157e-03
3.284665052939331285e-03
3.293651264643395610e-03
3.284697593601980554e-03
3.230032120874979599e-03
3.239565898169645235e-03
3.247221821330639139e-03
3.255463451394122274e-03
3.252239321208597565e-03
3.268391549655814618e-03
3.272933389405935020e-03
3.284323319307172733e-03
3.294054140264137797e-03
3.290913012664468777e-03
3.287701766443152512e-03
3.297378863242609020e-03
3.302485260094036989e-03
3.311485428840481218e-03
3.319538390367712463e-03
3.324172556482762452e-03
3.325689526295118326e-03
3.333312169446543335e-03
3.341012358563810129e-03
3.346442890561756103e-03
3.357056532832013076e-03
3.366722671831112387e-03
3.376184075986649654e-03
3.389064618165386292e-03
3.397904302070456524e-03
3.411483377953369867e-03
3.421778151457677448e-03
3.431372549019607796e-03
3.462033037686702494e-03
3.469101866046413445e-03
3.477258727919407041e-03
3.486657723112887922e-03
3.499183523844436473e-03
3.492479794465556866e-03
3.504108264862252492e-03
3.500819556023230996e-03
3.506888044638063317e-03
3.515704844314233250e-03
3.539725877042545436e-03
3.523340403042508027e-03
3.533617870406296699e-03
3.552571086250853275e-03
3.562397843003031663e-03
3.568754504677867576e-03
3.584153823448799243e-03
3.606661716346664000e-03
3.619562671663082570e-03
3.624218305855599759e-03
3.640672739213614544e-03
3.477832440931189709e-03
3.468157659393472474e-03
3.474461971500615934e-03
3.466855098706001729e-03
3.482002262192552492e-03
3.491242244772402303e-03
3.501286034997992940e-03
3.515266406442416145e-03
3.530814036297667737e-03
3.538480031252817272e-03
3.545965805145038195e-03
3.562891464189536957e-03
3.569669180340293187e-03
3.583765769330269670e-03
3.595200293111870931e-03
3.608946509436130896e-03
3.612267906035018447e-03
3.627876883260930038e-03
3.625489983421904643e-03
3.630299034247372325e-03
3.643838176212276913e-03
3.643486777668951838e-03
3.666671923543976357e-03
3.681127295756808117e-03
3.676148796498906069e-03
3.697183098591549141e-03
3.703050608358314077e-03
3.708519963396426401e-03
3.714333952388992107e-03
3.720375902915904961e-03
3.729385458625616642e-03
3.737168649846711512e-03
3.731676978235949453e-03
3.747305858533080819e-03
3.744026799349721522e-03
3.749938323382839139e-03
3.757787520189867156e-03
3.772148966795162497e-03
3.780122853992754894e-03
3.793456287903366683e-03
3.797372855071127432e-03
3.808162750619982322e-03
3.830251376100246227e-03
3.850698310963014508e-03
3.865880405192056481e-03
3.828988958463607276e-03
3.839084803407939121e-03
3.844929767669903742e-03
3.855908079291962224e-03
3.862571937161917053e-03
3.869325854367923478e-03
3.814633211694724683e-03
3.805807574869421624e-03
3.813748783545646819e-03
3.800876313149976343e-03
3.829990956965796233e-03
3.836351203743994763e-03
3.849306768364401006e-03
3.857005106960465814e-03
3.872668106964527630e-03
3.847056911156465121e-03
3.860898882514478356e-03
3.873044158158394767e-03
3.887783598298866303e-03
3.880911459777124702e-03
3.897333110628584205e-03
3.901900422004098579e-03
3.910169253129542298e-03
3.929921118849485223e-03
3.939090514065481281e-03
3.946173063820122666e-03
3.955531103564721013e-03
3.969765050835839977e-03
3.935185185185184793e-03
3.924874985463426211e-03
3.934292458787072393e-03
3.949678174370977596e-03
3.958866884322886741e-03
3.988575930667716783e-03
4.002609108159392755e-03
4.017857142857142461e-03
4.029169195260503059e-03
4.052836985890122777e-03
4.015377183801626358e-03
4.027658607984656476e-03
4.034133419610539534e-03
4.044807136702316223e-03
4.058425046280285213e-03
4.082467897887144190e-03
4.095373972307470890e-03
4.066260385518732749e-03
4.079641240709214016e-03
4.090511678254715212e-03
4.010273035387239109e-03
4.035845938731410024e-03
4.062093524106019996e-03
4.077090177529989201e-03
4.099198450696648482e-03
4.105527256139283702e-03
4.116122568983165107e-03
4.141603392170397496e-03
4.158781850987986091e-03
4.172369641043754962e-03
4.189711929595105362e-03
4.155031832905171051e-03
4.176162196751125565e-03
4.211622720119555935e-03
4.238012235551454412e-03
4.263023996699594718e-03
4.275272376223968746e-03
4.267474672711292320e-03
4.294292896378362930e-03
4.238285848834471084e-03
4.244181933932234148e-03
4.238193603533015573e-03
3.840178959796184885e-03
3.823900628569286333e-03
3.740933961063748654e-03
3.751483367147724016e-03
3.741898981586256733e-03
3.756195786864931652e-03
3.788322593243507053e-03
3.812043962953744723e-03
3.833638531360743923e-03
3.844070752037621625e-03
3.861157551150386225e-03
3.891206675224646947e-03
3.839469749019924945e-03
3.797468354430379601e-03
3.809549817715089399e-03
3.792667509481668659e-03
3.800658229939822986e-03
3.815474791600425956e-03
3.821761887618045379e-03
3.838130997079683068e-03
3.867604607494184478e-03
3.840958973493162169e-03
3.859311826740931175e-03
3.872944714778192490e-03
3.896326320897439566e-03
3.919035314384151925e-03
3.905684941414725667e-03
3.923335125474069519e-03
3.943736032601551436e-03
3.967204443268976428e-03
3.981361330659431361e-03
3.956669284687542101e-03
3.978779840848806378e-03
3.994614003590663855e-03
4.020902670060087954e-03
4.041780199818346790e-03
4.064298109416384849e-03
4.086630443100941305e-03
4.104787381237893183e-03
4.126356133897938171e-03
4.139599063551373248e-03
4.153056462902472885e-03
4.159267221235629121e-03
4.183772603340750289e-03
4.167982317650773504e-03
4.203353129428248451e-03
4.182558251338098186e-03
4.221524924788923328e-03
4.230145867098865191e-03
4.262059505535778503e-03
4.276094827727444127e-03
4.296579198630362181e-03
4.280594637642686461e-03
4.293988416217296190e-03
4.306786778164590872e-03
4.331113637594066236e-03
4.344913735358545484e-03
4.355321658651664998e-03
4.359983811030574731e-03
4.376408021568120588e-03
4.397521059858240482e-03
4.375140228853488696e-03
4.403131115459882339e-03
4.427541579156496314e-03
4.450276715924002778e-03
4.472306104506708520e-03
4.484133067606929125e-03
4.506239408411646941e-03
4.525061881188118494e-03
4.573260109054663736e-03
4.616477272727272964e-03
4.683653249534637172e-03
4.706923603009212885e-03
4.734062999453761758e-03
4.761323403735807404e-03
4.768114760779199567e-03
4.819078608645509069e-03
4.840311103756412235e-03
4.878658994245684173e-03
4.850699256646088045e-03
4.873314908968165611e-03
4.746936942716017439e-03
4.762824226041063175e-03
4.781803299875070357e-03
4.800415171041820181e-03
4.826191873736385834e-03
4.713849422387465272e-03
4.695465521867453994e-03
4.706620646375902356e-03
4.687181577338495921e-03
4.679435715104943161e-03
4.640103421210582495e-03
4.682804091046758287e-03
4.704725791728109167e-03
4.736656062212796225e-03
4.743698668932313373e-03
4.371903235208394328e-03
4.429678848283499261e-03
4.446530471085200116e-03
4.392277532383741245e-03
4.436868623568044484e-03
4.473764027904155414e-03
4.513924308885035493e-03
4.550479471424531859e-03
4.579915646751364644e-03
4.531486014896609488e-03
4.568607887412697716e-03
4.627167322625252641e-03
4.657387580299785466e-03
4.705246078961600881e-03
4.723896400065157215e-03
4.776545514439442530e-03
4.805700555141271049e-03
4.866316142745273805e-03
4.667081518357187042e-03
4.690964917268437145e-03
4.738928140616922510e-03
4.682080924855491592e-03
4.648715024997807088e-03
4.665356063495789199e-03
4.104222374230458506e-03
4.035285285285285413e-03
4.055456003018013608e-03
4.078277639025007333e-03
4.116933682262079869e-03
4.088652367199922290e-03
4.119397129499460970e-03
4.156769596199524908e-03
4.093586714147835239e-03
4.117430455595354026e-03
4.149517576411848076e-03
4.174444255896826543e-03
4.191229086448359197e-03
4.232622161046111463e-03
4.262988250788479934e-03
4.265605004976539584e-03
4.214545585533662451e-03
4.043421244353781301e-03
4.125320548556138042e-03
4.158082037834800841e-03
4.182681437938051000e-03
4.230666615847848526e-03
4.260055265581823465e-03
4.305663304887509708e-03
4.365610005506175180e-03
4.399698759364223909e-03
4.420901704635972485e-03
4.467160334835801848e-03
4.477431325884393722e-03
4.390422374893288016e-03
4.408883082952318351e-03
4.442798963346908728e-03
4.458940588745304023e-03
4.482071713147410714e-03
4.521855635571930994e-03
4.541440645893781054e-03
4.575689530991823399e-03
4.599071668866840101e-03
4.632211022946601010e-03
4.654570529672887383e-03
4.625346901017576319e-03
4.641909814323607296e-03
4.683736283343741674e-03
4.729303666336366098e-03
4.759961920304637238e-03
4.803952967012856297e-03
4.699161522159771461e-03
4.763016577165538577e-03
4.711369152429448377e-03
4.750707807476366000e-03
4.797673855100556897e-03
4.816346387740208859e-03
4.890096320079031882e-03
4.940119760479042346e-03
4.838221953432113830e-03
4.768497154283956284e-03
4.876198732188329922e-03
4.941525284137704248e-03
4.954037540595585334e-03
5.030462243586160224e-03
5.048805116122517811e-03
3.712387651426338371e-03
3.754198774945663019e-03
3.778588001325820355e-03
3.833479050373259697e-03
3.876759844929606336e-03
3.793200337173363492e-03
3.703703703703703845e-03
3.548720981812805101e-03
3.643816898200865489e-03
3.688052247406838329e-03
3.709428129829984728e-03
3.587086488640892686e-03
3.619399983913777850e-03
3.414634146341463412e-03
3.500291690974247864e-03
3.565667713727820563e-03
3.634475597092419637e-03
3.492433061699650679e-03
3.536132015595249041e-03
3.571755655279787705e-03
3.725640045854031190e-03
3.770666151020013544e-03
3.792298716452742122e-03
3.571074298184703961e-03
3.637833468067906088e-03
3.731730071524826369e-03
3.763721902770517450e-03
3.867225265871737129e-03
3.914745541539799839e-03
4.307765944717004136e-03
4.354663118422644023e-03
4.432951606944957913e-03
4.507324402153499790e-03
4.623089764992936550e-03
4.759386567953463772e-03
4.847179210986939796e-03
4.921394395078605190e-03
5.054759898904801971e-03
4.731861198738170418e-03
4.903417533432392200e-03
4.987908101571947132e-03
5.190311418685120831e-03
5.265677357587362356e-03
5.492676431424766727e-03
5.603667855323484458e-03
5.332385353714895297e-03
5.392773683264425952e-03
5.521811154058531290e-03
5.631687629059508281e-03
5.297233666862860221e-03
5.428226779252111160e-03
5.065428450823131722e-03
5.146901136607334552e-03
5.284015852047556187e-03
5.443411204354728881e-03
5.755395683453237536e-03
6.180788050476435959e-03
6.406833956219967589e-03
6.692693809258226829e-03
7.104795737122557991e-03
7.568590350047303683e-03
1.787842669845053547e-03
1.954397394136807905e-03
2.202643171806167605e-03
2.483443708609271629e-03
2.782931354359925724e-03
3.061224489795918210e-03
4.109589041095890009e-03
4.680187207488299694e-03
5.474452554744525801e-03
0.000000000000000000e+00
0.000000000000000000e+00
