9.975000000000000000e+03
9.965000000000000000e+03
9.955000000000000000e+03
9.945000000000000000e+03
9.935000000000000000e+03
9.925000000000000000e+03
9.915000000000000000e+03
9.905000000000000000e+03
9.895000000000000000e+03
9.884000000000000000e+03
9.874000000000000000e+03
9.864000000000000000e+03
9.854000000000000000e+03
9.844000000000000000e+03
9.834000000000000000e+03
9.824000000000000000e+03
9.814000000000000000e+03
9.803000000000000000e+03
9.793000000000000000e+03
9.783000000000000000e+03
9.772000000000000000e+03
9.762000000000000000e+03
9.752000000000000000e+03
9.742000000000000000e+03
9.732000000000000000e+03
9.722000000000000000e+03
9.711000000000000000e+03
9.701000000000000000e+03
9.691000000000000000e+03
9.681000000000000000e+03
9.671000000000000000e+03
9.660000000000000000e+03
9.650000000000000000e+03
9.640000000000000000e+03
9.630000000000000000e+03
9.620000000000000000e+03
9.610000000000000000e+03
9.600000000000000000e+03
9.590000000000000000e+03
9.580000000000000000e+03
9.570000000000000000e+03
9.560000000000000000e+03
9.550000000000000000e+03
9.540000000000000000e+03
9.530000000000000000e+03
9.520000000000000000e+03
9.510000000000000000e+03
9.500000000000000000e+03
9.490000000000000000e+03
9.480000000000000000e+03
9.470000000000000000e+03
9.460000000000000000e+03
9.449000000000000000e+03
9.439000000000000000e+03
9.428000000000000000e+03
9.418000000000000000e+03
9.408000000000000000e+03
9.398000000000000000e+03
9.388000000000000000e+03
9.378000000000000000e+03
9.367000000000000000e+03
9.357000000000000000e+03
9.347000000000000000e+03
9.337000000000000000e+03
9.327000000000000000e+03
9.316000000000000000e+03
9.306000000000000000e+03
9.296000000000000000e+03
9.286000000000000000e+03
9.275000000000000000e+03
9.265000000000000000e+03
9.255000000000000000e+03
9.245000000000000000e+03
9.235000000000000000e+03
9.225000000000000000e+03
9.215000000000000000e+03
9.204000000000000000e+03
9.194000000000000000e+03
9.184000000000000000e+03
9.174000000000000000e+03
9.164000000000000000e+03
9.154000000000000000e+03
9.143000000000000000e+03
9.133000000000000000e+03
9.123000000000000000e+03
9.113000000000000000e+03
9.103000000000000000e+03
9.093000000000000000e+03
9.083000000000000000e+03
9.073000000000000000e+03
9.063000000000000000e+03
9.053000000000000000e+03
9.042000000000000000e+03
9.032000000000000000e+03
9.021000000000000000e+03
9.011000000000000000e+03
9.000000000000000000e+03
8.990000000000000000e+03
8.980000000000000000e+03
8.970000000000000000e+03
8.960000000000000000e+03
8.949000000000000000e+03
8.939000000000000000e+03
8.929000000000000000e+03
8.919000000000000000e+03
8.909000000000000000e+03
8.899000000000000000e+03
8.889000000000000000e+03
8.879000000000000000e+03
8.869000000000000000e+03
8.859000000000000000e+03
8.849000000000000000e+03
8.839000000000000000e+03
8.829000000000000000e+03
8.819000000000000000e+03
8.809000000000000000e+03
8.799000000000000000e+03
8.789000000000000000e+03
8.777000000000000000e+03
8.766000000000000000e+03
8.756000000000000000e+03
8.746000000000000000e+03
8.736000000000000000e+03
8.725000000000000000e+03
8.715000000000000000e+03
8.705000000000000000e+03
8.695000000000000000e+03
8.685000000000000000e+03
8.675000000000000000e+03
8.665000000000000000e+03
8.655000000000000000e+03
8.644000000000000000e+03
8.634000000000000000e+03
8.623000000000000000e+03
8.610000000000000000e+03
8.599000000000000000e+03
8.589000000000000000e+03
8.579000000000000000e+03
8.568000000000000000e+03
8.558000000000000000e+03
8.546000000000000000e+03
8.536000000000000000e+03
8.526000000000000000e+03
8.516000000000000000e+03
8.505000000000000000e+03
8.495000000000000000e+03
8.485000000000000000e+03
8.475000000000000000e+03
8.465000000000000000e+03
8.454000000000000000e+03
8.443000000000000000e+03
8.432000000000000000e+03
8.421000000000000000e+03
8.410000000000000000e+03
8.399000000000000000e+03
8.389000000000000000e+03
8.379000000000000000e+03
8.369000000000000000e+03
8.359000000000000000e+03
8.349000000000000000e+03
8.339000000000000000e+03
8.329000000000000000e+03
8.319000000000000000e+03
8.309000000000000000e+03
8.299000000000000000e+03
8.289000000000000000e+03
8.279000000000000000e+03
8.269000000000000000e+03
8.258000000000000000e+03
8.247000000000000000e+03
8.237000000000000000e+03
8.227000000000000000e+03
8.217000000000000000e+03
8.207000000000000000e+03
8.197000000000000000e+03
8.187000000000000000e+03
8.177000000000000000e+03
8.167000000000000000e+03
8.155000000000000000e+03
8.144000000000000000e+03
8.134000000000000000e+03
8.124000000000000000e+03
8.114000000000000000e+03
8.104000000000000000e+03
8.093000000000000000e+03
8.083000000000000000e+03
8.073000000000000000e+03
8.063000000000000000e+03
8.053000000000000000e+03
8.043000000000000000e+03
8.033000000000000000e+03
8.023000000000000000e+03
8.013000000000000000e+03
8.003000000000000000e+03
7.993000000000000000e+03
7.983000000000000000e+03
7.973000000000000000e+03
7.963000000000000000e+03
7.953000000000000000e+03
7.943000000000000000e+03
7.932000000000000000e+03
7.922000000000000000e+03
7.909000000000000000e+03
7.899000000000000000e+03
7.889000000000000000e+03
7.879000000000000000e+03
7.868000000000000000e+03
7.857000000000000000e+03
7.847000000000000000e+03
7.837000000000000000e+03
7.827000000000000000e+03
7.816000000000000000e+03
7.805000000000000000e+03
7.795000000000000000e+03
7.785000000000000000e+03
7.775000000000000000e+03
7.765000000000000000e+03
7.755000000000000000e+03
7.745000000000000000e+03
7.734000000000000000e+03
7.724000000000000000e+03
7.714000000000000000e+03
7.704000000000000000e+03
7.694000000000000000e+03
7.683000000000000000e+03
7.671000000000000000e+03
7.660000000000000000e+03
7.650000000000000000e+03
7.640000000000000000e+03
7.630000000000000000e+03
7.620000000000000000e+03
7.610000000000000000e+03
7.600000000000000000e+03
7.588000000000000000e+03
7.577000000000000000e+03
7.567000000000000000e+03
7.557000000000000000e+03
7.547000000000000000e+03
7.536000000000000000e+03
7.524000000000000000e+03
7.512000000000000000e+03
7.501000000000000000e+03
7.491000000000000000e+03
7.481000000000000000e+03
7.471000000000000000e+03
7.461000000000000000e+03
7.451000000000000000e+03
7.441000000000000000e+03
7.431000000000000000e+03
7.421000000000000000e+03
7.409000000000000000e+03
7.399000000000000000e+03
7.389000000000000000e+03
7.378000000000000000e+03
7.368000000000000000e+03
7.357000000000000000e+03
7.347000000000000000e+03
7.337000000000000000e+03
7.327000000000000000e+03
7.317000000000000000e+03
7.306000000000000000e+03
7.295000000000000000e+03
7.285000000000000000e+03
7.275000000000000000e+03
7.265000000000000000e+03
7.255000000000000000e+03
7.245000000000000000e+03
7.235000000000000000e+03
7.225000000000000000e+03
7.215000000000000000e+03
7.205000000000000000e+03
7.195000000000000000e+03
7.185000000000000000e+03
7.175000000000000000e+03
7.165000000000000000e+03
7.155000000000000000e+03
7.145000000000000000e+03
7.133000000000000000e+03
7.122000000000000000e+03
7.111000000000000000e+03
7.101000000000000000e+03
7.091000000000000000e+03
7.081000000000000000e+03
7.070000000000000000e+03
7.060000000000000000e+03
7.050000000000000000e+03
7.039000000000000000e+03
7.028000000000000000e+03
7.018000000000000000e+03
7.006000000000000000e+03
6.996000000000000000e+03
6.986000000000000000e+03
6.976000000000000000e+03
6.966000000000000000e+03
6.954000000000000000e+03
6.943000000000000000e+03
6.932000000000000000e+03
6.922000000000000000e+03
6.910000000000000000e+03
6.900000000000000000e+03
6.889000000000000000e+03
6.879000000000000000e+03
6.869000000000000000e+03
6.858000000000000000e+03
6.848000000000000000e+03
6.836000000000000000e+03
6.826000000000000000e+03
6.813000000000000000e+03
6.801000000000000000e+03
6.791000000000000000e+03
6.780000000000000000e+03
6.769000000000000000e+03
6.758000000000000000e+03
6.746000000000000000e+03
6.736000000000000000e+03
6.725000000000000000e+03
6.715000000000000000e+03
6.704000000000000000e+03
6.694000000000000000e+03
6.682000000000000000e+03
6.671000000000000000e+03
6.660000000000000000e+03
6.649000000000000000e+03
6.639000000000000000e+03
6.629000000000000000e+03
6.619000000000000000e+03
6.609000000000000000e+03
6.598000000000000000e+03
6.587000000000000000e+03
6.576000000000000000e+03
6.565000000000000000e+03
6.555000000000000000e+03
6.545000000000000000e+03
6.534000000000000000e+03
6.523000000000000000e+03
6.512000000000000000e+03
6.502000000000000000e+03
6.492000000000000000e+03
6.482000000000000000e+03
6.472000000000000000e+03
6.461000000000000000e+03
6.451000000000000000e+03
6.441000000000000000e+03
6.431000000000000000e+03
6.420000000000000000e+03
6.405000000000000000e+03
6.395000000000000000e+03
6.384000000000000000e+03
6.373000000000000000e+03
6.363000000000000000e+03
6.352000000000000000e+03
6.338000000000000000e+03
6.326000000000000000e+03
6.316000000000000000e+03
6.305000000000000000e+03
6.290000000000000000e+03
6.280000000000000000e+03
6.268000000000000000e+03
6.257000000000000000e+03
6.243000000000000000e+03
6.233000000000000000e+03
6.223000000000000000e+03
6.213000000000000000e+03
6.202000000000000000e+03
6.191000000000000000e+03
6.178000000000000000e+03
6.168000000000000000e+03
6.157000000000000000e+03
6.146000000000000000e+03
6.135000000000000000e+03
6.122000000000000000e+03
6.112000000000000000e+03
6.100000000000000000e+03
6.089000000000000000e+03
6.078000000000000000e+03
6.068000000000000000e+03
6.057000000000000000e+03
6.046000000000000000e+03
6.036000000000000000e+03
6.026000000000000000e+03
6.014000000000000000e+03
6.004000000000000000e+03
5.993000000000000000e+03
5.983000000000000000e+03
5.973000000000000000e+03
5.962000000000000000e+03
5.947000000000000000e+03
5.937000000000000000e+03
5.925000000000000000e+03
5.914000000000000000e+03
5.904000000000000000e+03
5.889000000000000000e+03
5.879000000000000000e+03
5.869000000000000000e+03
5.857000000000000000e+03
5.843000000000000000e+03
5.833000000000000000e+03
5.820000000000000000e+03
5.810000000000000000e+03
5.798000000000000000e+03
5.787000000000000000e+03
5.775000000000000000e+03
5.763000000000000000e+03
5.752000000000000000e+03
5.738000000000000000e+03
5.726000000000000000e+03
5.715000000000000000e+03
5.703000000000000000e+03
5.693000000000000000e+03
5.683000000000000000e+03
5.673000000000000000e+03
5.663000000000000000e+03
5.649000000000000000e+03
5.637000000000000000e+03
5.626000000000000000e+03
5.613000000000000000e+03
5.602000000000000000e+03
5.591000000000000000e+03
5.580000000000000000e+03
5.570000000000000000e+03
5.560000000000000000e+03
5.549000000000000000e+03
5.537000000000000000e+03
5.527000000000000000e+03
5.516000000000000000e+03
5.504000000000000000e+03
5.490000000000000000e+03
5.476000000000000000e+03
5.464000000000000000e+03
5.450000000000000000e+03
5.440000000000000000e+03
5.428000000000000000e+03
5.413000000000000000e+03
5.401000000000000000e+03
5.389000000000000000e+03
5.377000000000000000e+03
5.363000000000000000e+03
5.348000000000000000e+03
5.334000000000000000e+03
5.323000000000000000e+03
5.312000000000000000e+03
5.299000000000000000e+03
5.285000000000000000e+03
5.274000000000000000e+03
5.262000000000000000e+03
5.252000000000000000e+03
5.239000000000000000e+03
5.226000000000000000e+03
5.214000000000000000e+03
5.203000000000000000e+03
5.190000000000000000e+03
5.178000000000000000e+03
5.167000000000000000e+03
5.157000000000000000e+03
5.146000000000000000e+03
5.135000000000000000e+03
5.123000000000000000e+03
5.111000000000000000e+03
5.100000000000000000e+03
5.090000000000000000e+03
5.080000000000000000e+03
5.070000000000000000e+03
5.058000000000000000e+03
5.045000000000000000e+03
5.032000000000000000e+03
5.021000000000000000e+03
5.011000000000000000e+03
5.001000000000000000e+03
4.991000000000000000e+03
4.979000000000000000e+03
4.969000000000000000e+03
4.958000000000000000e+03
4.944000000000000000e+03
4.931000000000000000e+03
4.918000000000000000e+03
4.906000000000000000e+03
4.896000000000000000e+03
4.886000000000000000e+03
4.870000000000000000e+03
4.859000000000000000e+03
4.843000000000000000e+03
4.831000000000000000e+03
4.820000000000000000e+03
4.804000000000000000e+03
4.790000000000000000e+03
4.778000000000000000e+03
4.766000000000000000e+03
4.753000000000000000e+03
4.743000000000000000e+03
4.732000000000000000e+03
4.719000000000000000e+03
4.708000000000000000e+03
4.692000000000000000e+03
4.682000000000000000e+03
4.669000000000000000e+03
4.659000000000000000e+03
4.647000000000000000e+03
4.635000000000000000e+03
4.625000000000000000e+03
4.614000000000000000e+03
4.603000000000000000e+03
4.586000000000000000e+03
4.572000000000000000e+03
4.559000000000000000e+03
4.543000000000000000e+03
4.531000000000000000e+03
4.518000000000000000e+03
4.506000000000000000e+03
4.495000000000000000e+03
4.483000000000000000e+03
4.470000000000000000e+03
4.459000000000000000e+03
4.447000000000000000e+03
4.437000000000000000e+03
4.427000000000000000e+03
4.417000000000000000e+03
4.404000000000000000e+03
4.393000000000000000e+03
4.381000000000000000e+03
4.368000000000000000e+03
4.356000000000000000e+03
4.343000000000000000e+03
4.330000000000000000e+03
4.318000000000000000e+03
4.308000000000000000e+03
4.295000000000000000e+03
4.282000000000000000e+03
4.270000000000000000e+03
4.258000000000000000e+03
4.237000000000000000e+03
4.226000000000000000e+03
4.213000000000000000e+03
4.200000000000000000e+03
4.187000000000000000e+03
4.176000000000000000e+03
4.165000000000000000e+03
4.154000000000000000e+03
4.141000000000000000e+03
4.129000000000000000e+03
4.118000000000000000e+03
4.105000000000000000e+03
4.086000000000000000e+03
4.074000000000000000e+03
4.061000000000000000e+03
4.049000000000000000e+03
4.037000000000000000e+03
4.023000000000000000e+03
4.011000000000000000e+03
3.997000000000000000e+03
3.979000000000000000e+03
3.965000000000000000e+03
3.955000000000000000e+03
3.942000000000000000e+03
3.928000000000000000e+03
3.917000000000000000e+03
3.902000000000000000e+03
3.891000000000000000e+03
3.878000000000000000e+03
3.865000000000000000e+03
3.851000000000000000e+03
3.832000000000000000e+03
3.819000000000000000e+03
3.808000000000000000e+03
3.794000000000000000e+03
3.778000000000000000e+03
3.766000000000000000e+03
3.752000000000000000e+03
3.741000000000000000e+03
3.728000000000000000e+03
3.716000000000000000e+03
3.705000000000000000e+03
3.694000000000000000e+03
3.680000000000000000e+03
3.664000000000000000e+03
3.649000000000000000e+03
3.637000000000000000e+03
3.621000000000000000e+03
3.607000000000000000e+03
3.597000000000000000e+03
3.585000000000000000e+03
3.572000000000000000e+03
3.561000000000000000e+03
3.549000000000000000e+03
3.533000000000000000e+03
3.515000000000000000e+03
3.503000000000000000e+03
3.488000000000000000e+03
3.476000000000000000e+03
3.465000000000000000e+03
3.447000000000000000e+03
3.432000000000000000e+03
3.416000000000000000e+03
3.400000000000000000e+03
3.387000000000000000e+03
3.374000000000000000e+03
3.362000000000000000e+03
3.349000000000000000e+03
3.337000000000000000e+03
3.324000000000000000e+03
3.307000000000000000e+03
3.292000000000000000e+03
3.278000000000000000e+03
3.264000000000000000e+03
3.246000000000000000e+03
3.231000000000000000e+03
3.217000000000000000e+03
3.202000000000000000e+03
3.187000000000000000e+03
3.170000000000000000e+03
3.156000000000000000e+03
3.138000000000000000e+03
3.125000000000000000e+03
3.113000000000000000e+03
3.098000000000000000e+03
3.083000000000000000e+03
3.071000000000000000e+03
3.054000000000000000e+03
3.040000000000000000e+03
3.022000000000000000e+03
3.008000000000000000e+03
2.994000000000000000e+03
2.981000000000000000e+03
2.966000000000000000e+03
2.953000000000000000e+03
2.940000000000000000e+03
2.921000000000000000e+03
2.904000000000000000e+03
2.890000000000000000e+03
2.877000000000000000e+03
2.863000000000000000e+03
2.850000000000000000e+03
2.830000000000000000e+03
2.817000000000000000e+03
2.803000000000000000e+03
2.780000000000000000e+03
2.766000000000000000e+03
2.749000000000000000e+03
2.730000000000000000e+03
2.706000000000000000e+03
2.691000000000000000e+03
2.672000000000000000e+03
2.656000000000000000e+03
2.637000000000000000e+03
2.621000000000000000e+03
2.596000000000000000e+03
2.575000000000000000e+03
2.565000000000000000e+03
2.548000000000000000e+03
2.535000000000000000e+03
2.511000000000000000e+03
2.499000000000000000e+03
2.477000000000000000e+03
2.449000000000000000e+03
2.432000000000000000e+03
2.420000000000000000e+03
2.400000000000000000e+03
2.378000000000000000e+03
2.358000000000000000e+03
2.337000000000000000e+03
2.324000000000000000e+03
2.296000000000000000e+03
2.283000000000000000e+03
2.264000000000000000e+03
2.252000000000000000e+03
2.229000000000000000e+03
2.189000000000000000e+03
2.168000000000000000e+03
2.147000000000000000e+03
2.136000000000000000e+03
2.112000000000000000e+03
2.094000000000000000e+03
2.081000000000000000e+03
2.058000000000000000e+03
2.041000000000000000e+03
2.025000000000000000e+03
1.999000000000000000e+03
1.984000000000000000e+03
1.946000000000000000e+03
1.925000000000000000e+03
1.904000000000000000e+03
1.890000000000000000e+03
1.877000000000000000e+03
1.861000000000000000e+03
1.846000000000000000e+03
1.820000000000000000e+03
1.790000000000000000e+03
1.768000000000000000e+03
1.744000000000000000e+03
1.721000000000000000e+03
1.698000000000000000e+03
1.678000000000000000e+03
1.631000000000000000e+03
1.603000000000000000e+03
1.573000000000000000e+03
1.558000000000000000e+03
1.530000000000000000e+03
1.512000000000000000e+03
1.479000000000000000e+03
1.444000000000000000e+03
1.423000000000000000e+03
1.397000000000000000e+03
1.374000000000000000e+03
1.357000000000000000e+03
1.346000000000000000e+03
1.311000000000000000e+03
1.290000000000000000e+03
1.261000000000000000e+03
1.224000000000000000e+03
1.169000000000000000e+03
1.150000000000000000e+03
1.130000000000000000e+03
1.076000000000000000e+03
1.032000000000000000e+03
1.011000000000000000e+03
9.440000000000000000e+02
9.020000000000000000e+02
8.710000000000000000e+02
8.450000000000000000e+02
8.050000000000000000e+02
7.800000000000000000e+02
7.570000000000000000e+02
7.340000000000000000e+02
6.900000000000000000e+02
5.680000000000000000e+02
5.340000000000000000e+02
4.980000000000000000e+02
4.640000000000000000e+02
4.430000000000000000e+02
2.930000000000000000e+02
2.390000000000000000e+02
9.700000000000000000e+01
3.800000000000000000e+01
1.400000000000000000e+01
