1.227000000000000000e+04
1.225800000000000000e+04
1.224500000000000000e+04
1.223400000000000000e+04
1.218900000000000000e+04
1.217300000000000000e+04
1.215600000000000000e+04
1.214500000000000000e+04
1.213500000000000000e+04
1.212400000000000000e+04
1.211000000000000000e+04
1.209000000000000000e+04
1.207700000000000000e+04
1.206100000000000000e+04
1.204100000000000000e+04
1.202600000000000000e+04
1.201300000000000000e+04
1.200000000000000000e+04
1.198800000000000000e+04
1.197400000000000000e+04
1.196000000000000000e+04
1.192700000000000000e+04
1.191500000000000000e+04
1.190200000000000000e+04
1.189000000000000000e+04
1.187600000000000000e+04
1.186400000000000000e+04
1.185300000000000000e+04
1.183700000000000000e+04
1.182200000000000000e+04
1.180500000000000000e+04
1.179100000000000000e+04
1.177800000000000000e+04
1.176200000000000000e+04
1.174500000000000000e+04
1.173000000000000000e+04
1.171300000000000000e+04
1.169700000000000000e+04
1.168300000000000000e+04
1.166800000000000000e+04
1.165300000000000000e+04
1.163900000000000000e+04
1.160000000000000000e+04
1.158400000000000000e+04
1.156800000000000000e+04
1.155400000000000000e+04
1.153900000000000000e+04
1.152300000000000000e+04
1.151200000000000000e+04
1.149400000000000000e+04
1.148000000000000000e+04
1.146700000000000000e+04
1.145000000000000000e+04
1.142600000000000000e+04
1.140200000000000000e+04
1.138800000000000000e+04
1.137400000000000000e+04
1.135600000000000000e+04
1.134400000000000000e+04
1.133200000000000000e+04
1.131800000000000000e+04
1.130300000000000000e+04
1.128300000000000000e+04
1.124100000000000000e+04
1.122800000000000000e+04
1.121300000000000000e+04
1.119800000000000000e+04
1.118600000000000000e+04
1.117300000000000000e+04
1.116300000000000000e+04
1.112800000000000000e+04
1.109300000000000000e+04
1.107300000000000000e+04
1.106100000000000000e+04
1.102400000000000000e+04
1.101100000000000000e+04
1.100100000000000000e+04
1.098800000000000000e+04
1.097600000000000000e+04
1.094000000000000000e+04
1.092900000000000000e+04
1.090700000000000000e+04
1.089000000000000000e+04
1.087600000000000000e+04
1.085800000000000000e+04
1.084300000000000000e+04
1.082300000000000000e+04
1.080400000000000000e+04
1.078800000000000000e+04
1.077300000000000000e+04
1.074900000000000000e+04
1.072600000000000000e+04
1.069900000000000000e+04
1.067600000000000000e+04
1.066300000000000000e+04
1.064800000000000000e+04
1.062500000000000000e+04
1.060600000000000000e+04
1.059000000000000000e+04
1.057300000000000000e+04
1.055700000000000000e+04
1.054300000000000000e+04
1.051400000000000000e+04
1.049800000000000000e+04
1.048200000000000000e+04
1.047100000000000000e+04
1.046000000000000000e+04
1.044500000000000000e+04
1.043200000000000000e+04
1.042100000000000000e+04
1.040700000000000000e+04
1.039400000000000000e+04
1.037400000000000000e+04
1.034500000000000000e+04
1.033400000000000000e+04
1.031600000000000000e+04
1.030300000000000000e+04
1.028200000000000000e+04
1.024500000000000000e+04
1.022500000000000000e+04
1.020300000000000000e+04
1.016800000000000000e+04
1.014900000000000000e+04
1.013200000000000000e+04
1.004100000000000000e+04
1.002600000000000000e+04
1.001300000000000000e+04
1.000200000000000000e+04
9.989000000000000000e+03
9.977000000000000000e+03
9.963000000000000000e+03
9.952000000000000000e+03
9.931000000000000000e+03
9.907000000000000000e+03
9.887000000000000000e+03
9.863000000000000000e+03
9.841000000000000000e+03
9.824000000000000000e+03
9.803000000000000000e+03
9.785000000000000000e+03
9.774000000000000000e+03
9.729000000000000000e+03
9.714000000000000000e+03
9.693000000000000000e+03
9.679000000000000000e+03
9.647000000000000000e+03
9.634000000000000000e+03
9.548000000000000000e+03
9.503000000000000000e+03
9.484000000000000000e+03
9.468000000000000000e+03
9.450000000000000000e+03
9.437000000000000000e+03
9.419000000000000000e+03
9.407000000000000000e+03
9.382000000000000000e+03
9.292000000000000000e+03
9.280000000000000000e+03
9.268000000000000000e+03
9.251000000000000000e+03
6.641000000000000000e+03
6.624000000000000000e+03
6.604000000000000000e+03
6.590000000000000000e+03
6.558000000000000000e+03
6.520000000000000000e+03
6.503000000000000000e+03
6.490000000000000000e+03
6.474000000000000000e+03
6.454000000000000000e+03
6.441000000000000000e+03
6.424000000000000000e+03
6.371000000000000000e+03
6.356000000000000000e+03
6.325000000000000000e+03
6.303000000000000000e+03
6.286000000000000000e+03
6.266000000000000000e+03
6.240000000000000000e+03
6.221000000000000000e+03
6.066000000000000000e+03
6.012000000000000000e+03
5.988000000000000000e+03
5.973000000000000000e+03
5.931000000000000000e+03
5.898000000000000000e+03
5.861000000000000000e+03
5.842000000000000000e+03
5.815000000000000000e+03
5.779000000000000000e+03
5.682000000000000000e+03
5.652000000000000000e+03
5.623000000000000000e+03
5.601000000000000000e+03
5.579000000000000000e+03
5.548000000000000000e+03
5.527000000000000000e+03
5.511000000000000000e+03
5.497000000000000000e+03
5.475000000000000000e+03
5.460000000000000000e+03
5.442000000000000000e+03
5.424000000000000000e+03
5.303000000000000000e+03
5.265000000000000000e+03
5.235000000000000000e+03
5.120000000000000000e+03
4.701000000000000000e+03
4.684000000000000000e+03
4.663000000000000000e+03
4.651000000000000000e+03
4.573000000000000000e+03
4.197000000000000000e+03
4.168000000000000000e+03
4.125000000000000000e+03
4.107000000000000000e+03
4.057000000000000000e+03
4.027000000000000000e+03
3.962000000000000000e+03
3.929000000000000000e+03
3.893000000000000000e+03
3.862000000000000000e+03
3.790000000000000000e+03
3.771000000000000000e+03
3.755000000000000000e+03
3.695000000000000000e+03
3.679000000000000000e+03
3.650000000000000000e+03
3.543000000000000000e+03
3.515000000000000000e+03
3.479000000000000000e+03
3.443000000000000000e+03
3.300000000000000000e+03
3.283000000000000000e+03
3.269000000000000000e+03
3.245000000000000000e+03
2.573000000000000000e+03
1.504000000000000000e+03
1.481000000000000000e+03
1.463000000000000000e+03
1.431000000000000000e+03
1.392000000000000000e+03
1.108000000000000000e+03
5.060000000000000000e+02
3.740000000000000000e+02
1.360000000000000000e+02
9.000000000000000000e+01
2.400000000000000000e+01
