1.227000000000000000e+04
1.225900000000000000e+04
1.224600000000000000e+04
1.223400000000000000e+04
1.221100000000000000e+04
1.220000000000000000e+04
1.218700000000000000e+04
1.217700000000000000e+04
1.216300000000000000e+04
1.215100000000000000e+04
1.213800000000000000e+04
1.212500000000000000e+04
1.210800000000000000e+04
1.209800000000000000e+04
1.208300000000000000e+04
1.207100000000000000e+04
1.205800000000000000e+04
1.204300000000000000e+04
1.201900000000000000e+04
1.200500000000000000e+04
1.198400000000000000e+04
1.197400000000000000e+04
1.195800000000000000e+04
1.194000000000000000e+04
1.192700000000000000e+04
1.191400000000000000e+04
1.190300000000000000e+04
1.188600000000000000e+04
1.187100000000000000e+04
1.185700000000000000e+04
1.184000000000000000e+04
1.182700000000000000e+04
1.181300000000000000e+04
1.180100000000000000e+04
1.179000000000000000e+04
1.178000000000000000e+04
1.177000000000000000e+04
1.175300000000000000e+04
1.174100000000000000e+04
1.172700000000000000e+04
1.170900000000000000e+04
1.169300000000000000e+04
1.168200000000000000e+04
1.166700000000000000e+04
1.164800000000000000e+04
1.163500000000000000e+04
1.162400000000000000e+04
1.160100000000000000e+04
1.158900000000000000e+04
1.157300000000000000e+04
1.156100000000000000e+04
1.155000000000000000e+04
1.153900000000000000e+04
1.152900000000000000e+04
1.151700000000000000e+04
1.150400000000000000e+04
1.148400000000000000e+04
1.147100000000000000e+04
1.145800000000000000e+04
1.143200000000000000e+04
1.142000000000000000e+04
1.140700000000000000e+04
1.139400000000000000e+04
1.138300000000000000e+04
1.137300000000000000e+04
1.135900000000000000e+04
1.133900000000000000e+04
1.132800000000000000e+04
1.131700000000000000e+04
1.130500000000000000e+04
1.129100000000000000e+04
1.127800000000000000e+04
1.126800000000000000e+04
1.125800000000000000e+04
1.123200000000000000e+04
1.122100000000000000e+04
1.120900000000000000e+04
1.119400000000000000e+04
1.118400000000000000e+04
1.116700000000000000e+04
1.115400000000000000e+04
1.114100000000000000e+04
1.112900000000000000e+04
1.111800000000000000e+04
1.110600000000000000e+04
1.109400000000000000e+04
1.108300000000000000e+04
1.106700000000000000e+04
1.105600000000000000e+04
1.103600000000000000e+04
1.102300000000000000e+04
1.101100000000000000e+04
1.099700000000000000e+04
1.098300000000000000e+04
1.096700000000000000e+04
1.095300000000000000e+04
1.094300000000000000e+04
1.092700000000000000e+04
1.091400000000000000e+04
1.089900000000000000e+04
1.088700000000000000e+04
1.087500000000000000e+04
1.086100000000000000e+04
1.084800000000000000e+04
1.083000000000000000e+04
1.081400000000000000e+04
1.080400000000000000e+04
1.078800000000000000e+04
1.077700000000000000e+04
1.075200000000000000e+04
1.074200000000000000e+04
1.072900000000000000e+04
1.071300000000000000e+04
1.069700000000000000e+04
1.068600000000000000e+04
1.067200000000000000e+04
1.065200000000000000e+04
1.062900000000000000e+04
1.060100000000000000e+04
1.058900000000000000e+04
1.057300000000000000e+04
1.055700000000000000e+04
1.052800000000000000e+04
1.050900000000000000e+04
1.049500000000000000e+04
1.047800000000000000e+04
1.046600000000000000e+04
1.045300000000000000e+04
1.044000000000000000e+04
1.038700000000000000e+04
1.037700000000000000e+04
1.033900000000000000e+04
1.032600000000000000e+04
1.031000000000000000e+04
1.028900000000000000e+04
1.027500000000000000e+04
1.026000000000000000e+04
1.024800000000000000e+04
1.023600000000000000e+04
1.010800000000000000e+04
1.009600000000000000e+04
1.008400000000000000e+04
1.006400000000000000e+04
1.005200000000000000e+04
1.003600000000000000e+04
1.001900000000000000e+04
1.000900000000000000e+04
9.993000000000000000e+03
9.974000000000000000e+03
9.964000000000000000e+03
9.945000000000000000e+03
9.929000000000000000e+03
9.916000000000000000e+03
9.890000000000000000e+03
9.872000000000000000e+03
9.854000000000000000e+03
9.841000000000000000e+03
9.812000000000000000e+03
9.796000000000000000e+03
9.785000000000000000e+03
9.752000000000000000e+03
9.740000000000000000e+03
9.728000000000000000e+03
9.712000000000000000e+03
9.699000000000000000e+03
8.036000000000000000e+03
7.961000000000000000e+03
7.934000000000000000e+03
7.881000000000000000e+03
7.863000000000000000e+03
7.834000000000000000e+03
7.816000000000000000e+03
7.805000000000000000e+03
7.789000000000000000e+03
7.758000000000000000e+03
7.747000000000000000e+03
7.728000000000000000e+03
7.714000000000000000e+03
7.701000000000000000e+03
7.671000000000000000e+03
7.631000000000000000e+03
7.614000000000000000e+03
7.594000000000000000e+03
7.579000000000000000e+03
7.568000000000000000e+03
7.551000000000000000e+03
7.538000000000000000e+03
7.525000000000000000e+03
7.508000000000000000e+03
7.483000000000000000e+03
6.890000000000000000e+03
6.319000000000000000e+03
6.306000000000000000e+03
6.296000000000000000e+03
6.283000000000000000e+03
6.270000000000000000e+03
6.254000000000000000e+03
6.239000000000000000e+03
6.220000000000000000e+03
6.202000000000000000e+03
6.186000000000000000e+03
6.149000000000000000e+03
6.137000000000000000e+03
6.125000000000000000e+03
6.115000000000000000e+03
6.097000000000000000e+03
6.071000000000000000e+03
6.026000000000000000e+03
6.015000000000000000e+03
5.998000000000000000e+03
5.970000000000000000e+03
5.912000000000000000e+03
5.902000000000000000e+03
5.876000000000000000e+03
5.844000000000000000e+03
5.827000000000000000e+03
5.814000000000000000e+03
5.795000000000000000e+03
5.774000000000000000e+03
5.760000000000000000e+03
5.666000000000000000e+03
5.650000000000000000e+03
5.627000000000000000e+03
5.608000000000000000e+03
5.579000000000000000e+03
5.563000000000000000e+03
5.552000000000000000e+03
5.539000000000000000e+03
5.498000000000000000e+03
5.460000000000000000e+03
5.446000000000000000e+03
5.434000000000000000e+03
5.422000000000000000e+03
5.379000000000000000e+03
5.347000000000000000e+03
5.330000000000000000e+03
5.272000000000000000e+03
5.118000000000000000e+03
5.051000000000000000e+03
5.034000000000000000e+03
5.022000000000000000e+03
5.009000000000000000e+03
4.993000000000000000e+03
4.977000000000000000e+03
4.949000000000000000e+03
4.915000000000000000e+03
4.658000000000000000e+03
4.644000000000000000e+03
4.623000000000000000e+03
4.609000000000000000e+03
4.592000000000000000e+03
4.550000000000000000e+03
4.529000000000000000e+03
4.496000000000000000e+03
4.475000000000000000e+03
4.423000000000000000e+03
4.382000000000000000e+03
4.370000000000000000e+03
4.357000000000000000e+03
4.330000000000000000e+03
4.312000000000000000e+03
4.287000000000000000e+03
4.223000000000000000e+03
4.159000000000000000e+03
4.147000000000000000e+03
4.104000000000000000e+03
3.963000000000000000e+03
3.945000000000000000e+03
3.927000000000000000e+03
3.903000000000000000e+03
3.753000000000000000e+03
3.033000000000000000e+03
3.016000000000000000e+03
2.955000000000000000e+03
2.883000000000000000e+03
2.831000000000000000e+03
2.777000000000000000e+03
2.753000000000000000e+03
2.711000000000000000e+03
2.690000000000000000e+03
2.665000000000000000e+03
2.638000000000000000e+03
2.600000000000000000e+03
2.587000000000000000e+03
2.041000000000000000e+03
2.027000000000000000e+03
2.015000000000000000e+03
1.998000000000000000e+03
1.984000000000000000e+03
1.960000000000000000e+03
1.943000000000000000e+03
1.899000000000000000e+03
1.876000000000000000e+03
1.145000000000000000e+03
1.101000000000000000e+03
1.069000000000000000e+03
1.043000000000000000e+03
1.022000000000000000e+03
9.910000000000000000e+02
9.530000000000000000e+02
8.510000000000000000e+02
8.260000000000000000e+02
7.550000000000000000e+02
7.370000000000000000e+02
7.100000000000000000e+02
6.630000000000000000e+02
4.610000000000000000e+02
3.830000000000000000e+02
3.580000000000000000e+02
2.290000000000000000e+02
9.200000000000000000e+01
4.600000000000000000e+01
1.700000000000000000e+01
