1.149011433263849441e-01
1.150679726420670429e-01
1.150502379693283950e-01
1.151961304283259380e-01
1.150359620377069403e-01
1.149761132912472256e-01
1.148368333262050345e-01
1.148804934464148081e-01
1.150151505383276429e-01
1.150019382349140723e-01
1.147013054378836355e-01
1.147921045219162384e-01
1.147281097984711590e-01
1.145751633986928086e-01
1.146033548838022026e-01
1.145248948106591808e-01
1.145123719949017738e-01
1.145017970145304625e-01
1.145782652925825956e-01
1.146687347662308926e-01
1.146080891988539158e-01
1.143265133090876629e-01
1.141566803791808221e-01
1.141928979500392016e-01
1.141824224188260628e-01
1.140155352921310428e-01
1.140697280830418603e-01
1.139145979950668686e-01
1.140498117316154775e-01
1.140103645785980613e-01
1.139387587715301187e-01
1.139058323624151936e-01
1.138310052667735328e-01
1.137698449114435129e-01
1.135829763714246293e-01
1.136846480694624073e-01
1.136989790012270518e-01
1.136490250696378795e-01
1.137146314221891275e-01
1.139001538246399159e-01
1.138849929873772815e-01
1.138413248694104124e-01
1.136155525815313039e-01
1.137316808821450392e-01
1.139357249272826139e-01
1.139861964281479040e-01
1.139917304310631568e-01
1.138787488368763895e-01
1.139304077484156463e-01
1.139431722815010123e-01
1.140618616164772031e-01
1.140348761486698337e-01
1.140058055152394778e-01
1.140050927610039982e-01
1.139092809567796155e-01
1.138897699270500358e-01
1.138209393346379661e-01
1.139389481426995171e-01
1.139091087940192759e-01
1.139568771765170768e-01
1.139644882494242339e-01
1.139589122667725302e-01
1.137433674613257673e-01
1.138870863075924778e-01
1.137472783241985086e-01
1.137658426402308881e-01
1.136918392511135217e-01
1.137813642668011604e-01
1.136869248660127424e-01
1.135965913413984618e-01
1.135432309297767783e-01
1.135789231829669871e-01
1.132959520700514700e-01
1.132991014120667550e-01
1.134726224783861731e-01
1.133491514932686850e-01
1.135047067342505461e-01
1.134555068819824292e-01
1.133648452108871746e-01
1.133033134646919543e-01
1.131912893623687882e-01
1.132164354880921264e-01
1.132476390346274925e-01
1.134337777076595416e-01
1.136237842966711514e-01
1.135919251704275157e-01
1.135135135135135198e-01
1.135982092893116913e-01
1.135026737967914506e-01
1.137520767458063131e-01
1.134707922255974583e-01
1.136192220665876579e-01
1.138070791677924937e-01
1.138099106417546774e-01
1.137498642926935144e-01
1.138299899289583333e-01
1.138774508467181173e-01
1.138253638253638317e-01
1.139698823271250994e-01
1.141411919947217940e-01
1.141991461231235405e-01
1.143362147532381440e-01
1.143402806609648825e-01
1.144491337183474039e-01
1.143087756408472239e-01
1.143758902885233103e-01
1.142961117487333034e-01
1.140447068747364040e-01
1.140941488013071520e-01
1.141387302843575036e-01
1.140273801762988620e-01
1.142183862358753105e-01
1.142881529532263629e-01
1.144783068178572422e-01
1.145156209730534697e-01
1.147089218050292847e-01
1.149759566932534727e-01
1.150112671173513651e-01
1.151502843216896804e-01
1.149917052300707260e-01
1.150641681527172777e-01
1.152323706201436732e-01
1.150926743159752935e-01
1.149896724697550832e-01
1.150638750887154060e-01
1.149773071104387284e-01
1.149555231606818745e-01
1.149713467048710663e-01
1.150876772996588665e-01
1.149300857013982879e-01
1.149602026049204029e-01
1.151018185119065673e-01
1.152690521715378363e-01
1.154302760950960405e-01
1.153705286289830323e-01
1.153104630168008127e-01
1.149202838448069308e-01
1.151006091932804121e-01
1.152885297474015303e-01
1.153054862842892714e-01
1.153413353338334640e-01
1.155365991344163568e-01
1.154390712015857523e-01
1.154210028382213760e-01
1.153992154877894472e-01
1.153369948252325472e-01
1.153552330022918210e-01
1.154693838438687892e-01
1.156656624575347764e-01
1.158558152995273205e-01
1.160130192388256903e-01
1.157874321179208632e-01
1.156877371647261066e-01
1.157078637044758607e-01
1.157165271966527215e-01
1.153543048532212484e-01
1.155745801778070431e-01
1.153960543273520323e-01
1.155872121914858358e-01
1.155531943153141200e-01
1.154384328358208922e-01
1.155425024196509026e-01
1.154810875890438515e-01
1.150861634586314575e-01
1.152912621359223344e-01
1.121774897170634416e-01
1.121213390874429144e-01
1.122380271020957804e-01
1.126712908137370989e-01
1.128231249204125763e-01
1.128819192909191610e-01
1.129921764781326166e-01
1.128873269618137359e-01
1.128955866523143198e-01
1.130656524182046124e-01
1.130849220103986169e-01
1.127593857397659605e-01
1.122171548851078754e-01
1.123284054910242830e-01
1.123739607288165576e-01
1.126516464471403745e-01
1.124682387554049867e-01
1.123741329156410784e-01
1.124730603448275829e-01
1.125338142470694303e-01
1.124354210096981804e-01
1.125409239723535876e-01
1.127068800437696638e-01
1.125257613922601291e-01
1.120331950207468924e-01
1.130177514792899407e-01
1.132285805287185504e-01
1.132618780995040819e-01
1.133472870713250619e-01
1.132471728594507260e-01
1.136633877418657401e-01
1.136907351022183599e-01
1.136773136773136794e-01
1.136675635604854212e-01
1.133701657458563578e-01
1.134495779653487274e-01
1.138794020491573772e-01
1.134915712916502173e-01
1.136273566211855324e-01
1.136687368241125901e-01
1.138458016141033757e-01
1.136402828073805882e-01
1.132798884628790498e-01
1.126620721878285186e-01
1.122088920254057931e-01
1.124645222327341487e-01
1.126903553299492405e-01
1.118717348225544972e-01
1.120595713766799895e-01
1.121820289147806987e-01
1.118412971379437459e-01
1.121322395608462391e-01
1.122537479866187599e-01
1.120673526660430352e-01
1.122864117168429626e-01
1.125524608927890163e-01
1.123035645841318486e-01
1.123747108712413317e-01
1.124417400310719767e-01
1.128201785830671988e-01
1.126695942845906823e-01
1.127179080824088769e-01
1.127311286367552456e-01
1.128407268840192351e-01
1.127652408218255270e-01
1.125558715969118273e-01
1.120196238757154572e-01
1.117360587145894840e-01
1.122039063582213614e-01
1.120497067858140239e-01
1.121416526138279968e-01
1.122572383865689666e-01
1.133975481611208397e-01
1.136212624584717612e-01
1.135435992578849723e-01
1.133427910102292185e-01
1.129867206842223720e-01
1.126866797405340209e-01
1.126878130217028318e-01
1.124942721857339206e-01
1.126011560693641611e-01
1.136583011583011532e-01
1.135830434430871311e-01
1.137695312500000000e-01
1.128209348255431177e-01
1.127856906260351066e-01
1.127951766873220574e-01
1.134133964817320706e-01
1.137913399249914775e-01
1.137575236457437633e-01
1.141959140911471965e-01
1.144876325088339253e-01
1.147701047399254382e-01
1.150339649624597810e-01
1.147821389989197027e-01
1.150610583446404350e-01
1.151432469304229239e-01
1.148947951273532608e-01
1.150384399024939053e-01
1.150358896864374786e-01
1.151862464183381063e-01
1.159534608558469709e-01
1.166699820966779350e-01
1.164727126805778501e-01
1.162367223065250421e-01
1.160326374907279801e-01
1.194010749936012250e-01
1.198762567672080476e-01
1.199211045364891454e-01
1.199837310195227824e-01
1.207635910914372640e-01
1.204410517387616564e-01
1.201544843370047216e-01
1.204013377926421435e-01
1.201773835920177391e-01
1.207722238850643531e-01
1.206531599637133412e-01
1.209195402298850613e-01
1.214087117701575513e-01
1.214007782101167304e-01
1.222922410397794396e-01
1.203128133146180029e-01
1.211444805194805130e-01
1.212059064807219089e-01
1.215285028189601185e-01
1.205583756345177671e-01
1.190372940156114445e-01
1.193863939528679446e-01
1.264534883720930258e-01
1.257078142695356726e-01
1.224009415457042033e-01
1.253041362530413760e-01
1.248439450686641694e-01
1.216216216216216284e-01
1.163434903047091407e-01
1.163993792033109209e-01
1.151974040021633283e-01
1.168604651162790664e-01
1.111111111111111049e-01
1.081777205408886028e-01
1.074380165289256228e-01
1.095334685598377267e-01
1.035758323057953123e-01
1.002673796791443833e-01
1.185031185031185097e-01
5.696202531645569445e-02
3.488372093023255766e-02
1.034482758620689641e-01
