1.149011433263849441e-01
1.148680042238648391e-01
1.149863414014357377e-01
1.146708050766385295e-01
1.145737659397227520e-01
1.146406768769411971e-01
1.146734812206068738e-01
1.147636269697752537e-01
1.147098806723777092e-01
1.146827716085460080e-01
1.147633521493703901e-01
1.148494153001894530e-01
1.147644848378921584e-01
1.146161934805467880e-01
1.146547179757511914e-01
1.147569865004734735e-01
1.144121225528149516e-01
1.142045832686292284e-01
1.141891591444706283e-01
1.142417347075358053e-01
1.142479738503559689e-01
1.143537017914066367e-01
1.145383369330453538e-01
1.145642900670322956e-01
1.145349495864959738e-01
1.144440155316878288e-01
1.144965159174750613e-01
1.144024281704283524e-01
1.144178380110800752e-01
1.142555244176965135e-01
1.143297948281023352e-01
1.139337239191348383e-01
1.139372822299651589e-01
1.138762670394966731e-01
1.137155009230913089e-01
1.135404949381327300e-01
1.133419536852004195e-01
1.132062130247248194e-01
1.131098714069591477e-01
1.131766770208427197e-01
1.131051554243823476e-01
1.130102649797087577e-01
1.132645718397697343e-01
1.133341349044126450e-01
1.132649366324683105e-01
1.132664922987503681e-01
1.134662129314535778e-01
1.134545986540524687e-01
1.135008309707693785e-01
1.135683813073113391e-01
1.135458167330677254e-01
1.136223444940659827e-01
1.135564687824924535e-01
1.137391304347826065e-01
1.138217466137843303e-01
1.138955582232893116e-01
1.137151469480030125e-01
1.134317063942489601e-01
1.135012020751613310e-01
1.135283503189569720e-01
1.134858365600163038e-01
1.134894888758333498e-01
1.135467349551856631e-01
1.135193574958813789e-01
1.136739332575679301e-01
1.136127827350072589e-01
1.136700757280037499e-01
1.134512997181334193e-01
1.135381472460124108e-01
1.135736256802586941e-01
1.132598874534358341e-01
1.130963442801391078e-01
1.132920844890121653e-01
1.134393063583815087e-01
1.136913401064344464e-01
1.137777777777777832e-01
1.135108801558947778e-01
1.135561947142779554e-01
1.135280825460782406e-01
1.135512101736633334e-01
1.134294801491555205e-01
1.133756910636191106e-01
1.134137255443030956e-01
1.134596763037764577e-01
1.134306812503470124e-01
1.134439741590554662e-01
1.134446740769703421e-01
1.131821621773131115e-01
1.130180344934304942e-01
1.130348820788024261e-01
1.134257291046679716e-01
1.136894254313535607e-01
1.134032400925740758e-01
1.132952621459522996e-01
1.133607902998185479e-01
1.134223715850160852e-01
1.135511982570806128e-01
1.137079831932773094e-01
1.134365107281041091e-01
1.135254336959717752e-01
1.136685552407931954e-01
1.138105524812831060e-01
1.135356898653268748e-01
1.133949880668257693e-01
1.134989524094582453e-01
1.129846708746618522e-01
1.127445061579328695e-01
1.123520485584218465e-01
1.120718526411934868e-01
1.121298248831025940e-01
1.119656810173127043e-01
1.117909300538047629e-01
1.115977791486736648e-01
1.116862988220706787e-01
1.117577492842026649e-01
1.117231019590661512e-01
1.115472788367930096e-01
1.113983104274366420e-01
1.115686771414090284e-01
1.115426243076335366e-01
1.115352537370885994e-01
1.116265584227312258e-01
1.115890933790471273e-01
1.117419940949352652e-01
1.116608236951607130e-01
1.116559168092668142e-01
1.115657482263652800e-01
1.115230560429011225e-01
1.115426750323672972e-01
1.115000000000000019e-01
1.116690098413335996e-01
1.115594109340326823e-01
1.116222432688404875e-01
1.116354870471598787e-01
1.114674673308539976e-01
1.114989733059548321e-01
1.115421587475968201e-01
1.115014983982639263e-01
1.115732556930435632e-01
1.116177084783516599e-01
1.116396194739787406e-01
1.118425684714496882e-01
1.118019004556854712e-01
1.117502929583466531e-01
1.118557068510729335e-01
1.116523981803202309e-01
1.116815048822515782e-01
1.119565217391304407e-01
1.116858516683666008e-01
1.116228070175438597e-01
1.116406966086159469e-01
1.117655720806950415e-01
1.116691285081240770e-01
1.118806014369305990e-01
1.117686467172845088e-01
1.114484930274403929e-01
1.113633783630378071e-01
1.111068905264757239e-01
1.109501296324538616e-01
1.113366526235158999e-01
1.092066861236402203e-01
1.093499839897534437e-01
1.093775132700659514e-01
1.097994825355756848e-01
1.096966413867822288e-01
1.099416480340295599e-01
1.094830424761277510e-01
1.093560145808019496e-01
1.093602618875880866e-01
1.090026232070100964e-01
1.084073283129144694e-01
1.082885431400282816e-01
1.085328913528033346e-01
1.080303727565577604e-01
1.081363004172461728e-01
1.082672574626865614e-01
1.079999999999999988e-01
1.081705150976909474e-01
1.079756068396508367e-01
1.084772276036339578e-01
1.082227138643067910e-01
1.080208592003973206e-01
1.080135016877109694e-01
1.083202511773940363e-01
1.078698712664087761e-01
1.080769230769230704e-01
1.077937184955409106e-01
1.080694453475518624e-01
1.077773391235688910e-01
1.075617999867453101e-01
1.075979235488437880e-01
1.074706002311195674e-01
1.073705862187178672e-01
1.074830871185972619e-01
1.074408901251738546e-01
1.073608869553013823e-01
1.070215175537938823e-01
1.066685706125946043e-01
1.063017644940583428e-01
1.062992125984252023e-01
1.066793753207713191e-01
1.065101860053144361e-01
1.068407775634367118e-01
1.064618644067796549e-01
1.064545732639951003e-01
1.048198408984557795e-01
1.031092638478139228e-01
1.022845275181723801e-01
1.023113824683820339e-01
1.021287825475017536e-01
1.020191285866099834e-01
1.017823215416628901e-01
1.035494279847462562e-01
1.027112606372451997e-01
1.015876205787781400e-01
1.011645569620253232e-01
1.009051635465953445e-01
1.016420702556641020e-01
1.013341804320203321e-01
1.013296161269569007e-01
1.011089367253750759e-01
1.009123886995712815e-01
1.014898622157499736e-01
1.019878021233340815e-01
1.021989290190269961e-01
1.026655802584099664e-01
1.022927689594356204e-01
1.021428571428571463e-01
1.015203531142716969e-01
1.010025993316004400e-01
1.016311166875784183e-01
1.010204081632653100e-01
1.004784688995215280e-01
1.006846556584776453e-01
1.009224091155724312e-01
1.019457385585091774e-01
1.056008323218311090e-01
1.109170305676855928e-01
1.101243339253996506e-01
1.103896103896103847e-01
1.086886822699583144e-01
1.095617529880478086e-01
1.112057946314443935e-01
1.235632183908045995e-01
1.285714285714285587e-01
1.181102362204724393e-01
6.122448979591836593e-02
0.000000000000000000e+00
