1.466300211904775774e-01
1.465415363225582301e-01
1.465241448984213046e-01
1.465669398668367485e-01
1.466825558164803200e-01
1.468375477895328407e-01
1.466345164230893616e-01
1.465136857008022542e-01
1.466291437321524671e-01
1.464676699483738742e-01
1.465120844214170548e-01
1.465492046261116510e-01
1.467001005410063785e-01
1.467011596360231485e-01
1.465732715785416085e-01
1.464444753267312438e-01
1.465792121821995475e-01
1.467003811109962863e-01
1.467740459412464615e-01
1.467032160164472021e-01
1.467626429057972415e-01
1.467472593759809874e-01
1.467048852207862852e-01
1.468423691361157579e-01
1.467178588735229550e-01
1.468687082759351503e-01
1.469279051739228181e-01
1.467492609817175331e-01
1.467186083979458155e-01
1.466163277417562583e-01
1.466490260747361773e-01
1.467010361641609140e-01
1.465885846465599107e-01
1.464079209947295734e-01
1.463043757218016050e-01
1.463989338758377445e-01
1.464208032942421744e-01
1.465346534653465260e-01
1.465819627406656778e-01
1.465819670530652541e-01
1.465987370838117143e-01
1.465828103219219691e-01
1.465844215499704783e-01
1.466194373300501175e-01
1.466223537806908561e-01
1.465843365112596552e-01
1.466973171930850417e-01
1.466393890525249655e-01
1.467748397435897356e-01
1.469279611403643826e-01
1.469943045744530885e-01
1.467952300472012417e-01
1.467917798224636083e-01
1.470131911462814744e-01
1.470913845213434323e-01
1.471944003758502706e-01
1.470323003771110137e-01
1.470241683564421642e-01
1.471747880919344331e-01
1.471980948972428371e-01
1.472019212852735959e-01
1.471383989426849337e-01
1.471528533880732681e-01
1.471853947816656183e-01
1.473221757322175640e-01
1.471652086137281157e-01
1.471809463589419387e-01
1.471753164378541423e-01
1.470091390363370276e-01
1.470650786899191931e-01
1.471008770993832426e-01
1.472438585979628511e-01
1.473533517053791930e-01
1.473321116740325398e-01
1.473465095508369460e-01
1.471710383698243974e-01
1.472576683115584539e-01
1.473833406018316694e-01
1.473712626402649828e-01
1.471626789351071773e-01
1.473927902105611198e-01
1.475069098949695900e-01
1.476228525769077149e-01
1.474599297703803324e-01
1.476241184924825256e-01
1.476468916837398448e-01
1.475313964386129328e-01
1.473537709234530868e-01
1.472637116312067451e-01
1.472745457576262740e-01
1.470892390048056386e-01
1.472045995241871574e-01
1.472230722154222737e-01
1.471769394383825591e-01
1.470248010364612334e-01
1.469768737809974968e-01
1.469408692408132877e-01
1.470392808286105080e-01
1.470235435237669530e-01
1.470724742568104426e-01
1.471370296435982605e-01
1.472851054408590155e-01
1.472623393112204304e-01
1.473097060648980716e-01
1.474974056038955983e-01
1.476422425533960303e-01
1.475085461492057215e-01
1.476219290814474172e-01
1.477830119955320376e-01
1.477478501652469689e-01
1.476395759141397312e-01
1.475896471357893425e-01
1.474727404098791494e-01
1.474952242935247959e-01
1.473626701102612457e-01
1.474613429885897331e-01
1.475307407777666779e-01
1.474231022992057716e-01
1.474473970995054117e-01
1.472186700767263434e-01
1.473355554617948593e-01
1.471711534715929859e-01
1.472063951016242822e-01
1.471759918790039867e-01
1.473570713423869860e-01
1.474146374993555997e-01
1.473198132225993773e-01
1.473323078518467277e-01
1.474889409315638944e-01
1.474039767385172672e-01
1.474426684591411962e-01
1.476379505244617418e-01
1.476223148783448458e-01
1.471893229627010691e-01
1.470812565407879080e-01
1.471335026059067130e-01
1.471526195899772183e-01
1.472409127968964115e-01
1.474879027180658608e-01
1.475964182980603612e-01
1.477664162304374862e-01
1.476552713276810536e-01
1.473637143430730212e-01
1.470327074999313310e-01
1.471136111289538251e-01
1.470785947787651426e-01
1.472197069096150557e-01
1.472814291279425647e-01
1.472399496902221938e-01
1.474264877752325675e-01
1.473248174840444957e-01
1.473506816298862654e-01
1.473859109189434025e-01
1.474346820370862066e-01
1.473400506657016051e-01
1.469682773390443009e-01
1.468710702389294798e-01
1.468958138548584480e-01
1.468460452250614223e-01
1.467888127632319684e-01
1.468071420217535450e-01
1.469452401669876784e-01
1.467135228522066792e-01
1.467257945306725819e-01
1.464458356446628196e-01
1.463094326107070853e-01
1.463604515375632464e-01
1.461537690758424324e-01
1.462914366723976622e-01
1.465044551062371359e-01
1.466297583447830066e-01
1.467702039657759194e-01
1.467077161469217961e-01
1.469286364147490975e-01
1.469957851773609769e-01
1.470334012471445351e-01
1.470612522967030822e-01
1.470804545313293132e-01
1.472537977182518942e-01
1.470726288450104891e-01
1.470649785497541162e-01
1.470872257793639226e-01
1.469512901832281393e-01
1.470286831123553961e-01
1.469518852624102923e-01
1.466777568060398662e-01
1.467628671747880365e-01
1.468574249774610430e-01
1.469507794068536100e-01
1.470060333455874280e-01
1.469007524184879898e-01
1.468277748117802206e-01
1.468144346781678211e-01
1.465573015472678708e-01
1.465226049930133112e-01
1.465224930692850536e-01
1.467642655132257445e-01
1.469077323370471810e-01
1.469126564890611275e-01
1.466184415963696364e-01
1.465088757396449670e-01
1.465814624215348028e-01
1.466815139704796267e-01
1.464741506141581384e-01
1.463867433705393073e-01
1.462158737472641357e-01
1.463507744988026826e-01
1.463890016822321505e-01
1.460575982105410398e-01
1.461489898989898895e-01
1.461303939962476650e-01
1.463716376232724325e-01
1.463414634146341375e-01
1.463484316409737473e-01
1.463991400931565767e-01
1.464361453578232330e-01
1.464658029526965943e-01
1.465122184201298750e-01
1.464648302463520124e-01
1.465196114235629288e-01
1.466374948052900362e-01
1.464232626134814030e-01
1.464858199753390766e-01
1.464846653123916265e-01
1.464170191589947712e-01
1.464237095505126762e-01
1.461854040423049284e-01
1.460277427490542235e-01
1.462265942496866478e-01
1.461209855824242843e-01
1.463508028489010349e-01
1.464408865416415573e-01
1.459559723313539337e-01
1.457646830781159086e-01
1.456340915874025088e-01
1.459833109858494904e-01
1.459291989123614186e-01
1.457977787696589367e-01
1.460378104209208994e-01
1.460859905042783680e-01
1.460480186975459393e-01
1.454385191714411552e-01
1.452772830148250371e-01
1.454330475908956477e-01
1.455418695951324060e-01
1.456192371745399783e-01
1.456861704299538540e-01
1.457026927333087418e-01
1.455294602389781700e-01
1.455656058684021703e-01
1.456895001176031212e-01
1.457233368532206974e-01
1.456290365328014036e-01
1.455971978984238191e-01
1.456499387315314253e-01
1.458592600972960784e-01
1.457839701479831385e-01
1.458279955589717181e-01
1.459095586553853241e-01
1.459159055660864956e-01
1.458771955123583097e-01
1.460267346377210340e-01
1.457657683861491305e-01
1.459483136224266342e-01
1.458284440272236693e-01
1.459832487908458154e-01
1.458966565349543998e-01
1.460366579385860564e-01
1.461249981323491931e-01
1.460911832215671391e-01
1.462455950121984150e-01
1.463193521092711336e-01
1.462782091725309264e-01
1.462411455556401896e-01
1.462483908539201904e-01
1.463414634146341375e-01
1.461650230315021393e-01
1.460539801844892294e-01
1.460754793516077232e-01
1.462417788913247807e-01
1.463139064118256227e-01
1.462976672389623145e-01
1.462267139779495628e-01
1.458994181876145657e-01
1.459856349879225246e-01
1.460620065472751916e-01
1.461869529474345841e-01
1.461802630726365682e-01
1.461475942782834714e-01
1.462877105916155218e-01
1.462023760753789481e-01
1.462643299512452200e-01
1.461064759634485566e-01
1.461043816360101666e-01
1.462055812085926443e-01
1.463930327387444885e-01
1.462883937456778138e-01
1.464986468200270564e-01
1.467399602992823238e-01
1.470758639492877051e-01
1.472811217510259785e-01
1.474295133761461540e-01
1.476612972693599757e-01
1.478723588051346627e-01
1.479023712325197581e-01
1.479820627802690691e-01
1.482020187859245663e-01
1.480594913315145533e-01
1.480074895781813005e-01
1.478933182011632763e-01
1.475365988480947244e-01
1.474960104713919362e-01
1.476111371925896421e-01
1.476133391455972110e-01
1.471931876324830135e-01
1.472433146252888625e-01
1.472054144520258123e-01
1.472402837298655287e-01
1.471952214884618138e-01
1.470928065598210988e-01
1.469607879854687160e-01
1.470394922161086249e-01
1.471181583363185552e-01
1.471417488220712610e-01
1.473471796531439781e-01
1.474074640562863248e-01
1.476449449430213001e-01
1.475600085104736836e-01
1.477875590275753437e-01
1.478893854530551610e-01
1.482077341128921477e-01
1.477616365253483499e-01
1.477809066751279155e-01
1.477302179070555666e-01
1.479443833149944876e-01
1.479514873589573287e-01
1.482776744562141202e-01
1.485021919142718028e-01
1.481995590756920167e-01
1.484044519282106123e-01
1.483604866982883019e-01
1.483420954588731966e-01
1.486782076120242435e-01
1.486639066616484706e-01
1.490894578756117583e-01
1.485908937034529365e-01
1.483677633256822170e-01
1.483988044406490125e-01
1.484848484848484973e-01
1.485713051553962105e-01
1.483248400737287309e-01
1.484598112096967570e-01
1.486175871806659221e-01
1.486818980667838352e-01
1.486706935320312173e-01
1.486337106473293312e-01
1.484467208551386308e-01
1.486284066265733672e-01
1.489414303052097044e-01
1.489092633575719304e-01
1.490915689432258939e-01
1.488716662867563267e-01
1.492605754900836745e-01
1.493200174885518927e-01
1.493790328175952364e-01
1.497281472187369233e-01
1.499124752013070438e-01
1.501969796454366290e-01
1.502578472696446676e-01
1.502872408331166199e-01
1.504586286174776633e-01
1.506291106662853985e-01
1.505824823817057401e-01
1.500325371767371185e-01
1.499927329102272167e-01
1.501313101838342712e-01
1.502637491452573915e-01
1.499261811023621938e-01
1.497922643189237291e-01
1.497577338799850888e-01
1.498241325117868616e-01
1.499286411777961403e-01
1.500150920615756223e-01
1.499277365044752730e-01
1.500267359254449651e-01
1.496659584815829280e-01
1.497452786497195376e-01
1.501667657781110277e-01
1.505097408493086819e-01
1.500705292304477245e-01
1.501218266132201551e-01
1.502331340059534781e-01
1.504682291942225358e-01
1.503633314700950352e-01
1.504936190705514210e-01
1.502137843870169631e-01
1.503651609413037549e-01
1.499591836734693873e-01
1.493249917681923056e-01
1.493920092646207343e-01
1.494354660172680926e-01
1.489509904990108935e-01
1.490219125178406379e-01
1.485257568910980652e-01
1.484372782240894750e-01
1.485665382969619253e-01
1.484841525034450993e-01
1.488967394451844450e-01
1.490066225165563030e-01
1.492868185398010805e-01
1.490316901408450800e-01
1.488701816570668912e-01
1.491269747000831536e-01
1.492296667860981696e-01
1.492344641248874171e-01
1.492532810378639219e-01
1.492826442278588350e-01
1.494434645094580572e-01
1.493813960592637879e-01
1.495083774925720643e-01
1.495752800689400530e-01
1.497771449795716192e-01
1.497942899887794443e-01
1.489688941900247920e-01
1.488542390000631155e-01
1.485478495476908467e-01
1.487698248077352625e-01
1.486547085201793683e-01
1.489560510375048386e-01
1.490478041197046133e-01
1.492338224289943838e-01
1.491457746939844342e-01
1.494188718891588386e-01
1.496576135499024240e-01
1.494260522375644717e-01
1.493230820658532632e-01
1.487519789806986126e-01
1.487678734408275083e-01
1.486292962356792202e-01
1.486829469062971587e-01
1.491827022553279536e-01
1.486561566775470578e-01
1.484909878440687503e-01
1.484210526315789536e-01
1.484383271572260465e-01
1.484189232352627896e-01
1.487532550922127383e-01
1.486660929432013778e-01
1.487415015188774670e-01
1.490311343348574014e-01
1.491748934465046694e-01
1.489946159762663425e-01
1.488250652741514302e-01
1.485368016553355042e-01
1.488320355951056606e-01
1.486577181208053600e-01
1.487277640171132675e-01
1.486124221257315581e-01
1.490874524714828897e-01
1.486036087805999439e-01
1.487879953828395441e-01
1.482585139318885470e-01
1.479045877271489284e-01
1.476760149048833015e-01
1.479247960269599038e-01
1.477768090671316425e-01
1.481923398162510452e-01
1.478822396919621251e-01
1.477772842895788696e-01
1.475609756097560898e-01
1.467458043389275602e-01
1.463897131552917841e-01
1.463898767678438462e-01
1.461737245748582770e-01
1.463968701358798474e-01
1.466413181242078589e-01
1.466088730239673565e-01
1.463884018303895918e-01
1.462656944384519153e-01
1.465218896002768723e-01
1.464657462654065656e-01
1.464825772518080216e-01
1.468874172185430371e-01
1.474994443209602102e-01
1.470522404762970581e-01
1.474434123906574190e-01
1.481380439230664259e-01
1.476470048619392683e-01
1.478152654867256610e-01
1.478961837752201802e-01
1.470074989388294173e-01
1.466374756080148500e-01
1.469786134634706587e-01
1.465779192591520896e-01
1.466679600349209411e-01
1.469045635017891260e-01
1.470226074964290919e-01
1.468072408991446254e-01
1.460522365655959054e-01
1.457765667574931756e-01
1.453065377766471766e-01
1.453473468341451025e-01
1.442426743706149428e-01
1.449779392681027901e-01
1.448783543907277982e-01
1.455147406589941683e-01
1.452896244430299244e-01
1.452594490711082709e-01
1.445276714986258593e-01
1.445077298616761485e-01
1.446887446123629184e-01
1.443576770787505514e-01
1.444499916791479321e-01
1.444654999442648580e-01
1.446088081444400764e-01
1.450736126840317108e-01
1.445122995262827503e-01
1.428653990637461790e-01
1.416647209899603022e-01
1.419847328244274731e-01
1.410301953818827725e-01
1.411362819129809432e-01
1.406307522395385812e-01
1.412397921306607351e-01
1.415323333540798034e-01
1.412627750956172712e-01
1.416057474161835084e-01
1.423580231228560589e-01
1.428571428571428492e-01
1.431061192873741283e-01
1.429221370076693143e-01
1.427356020942408266e-01
1.431119920713577742e-01
1.442077230359520568e-01
1.447899838449111520e-01
1.453055141579731868e-01
1.449027130720745293e-01
1.442027981714918972e-01
1.434054431263084572e-01
1.431084218673045749e-01
1.435457574253916624e-01
1.437651764033709423e-01
1.433306910715572424e-01
1.432001746343593007e-01
1.413970588235294035e-01
1.422942532153743112e-01
1.416366906474820220e-01
1.416634725948639206e-01
1.423374613003096090e-01
1.411599187118962040e-01
1.409205548549810894e-01
1.413086793655853879e-01
1.409946885562530228e-01
1.406634915421251519e-01
1.395175329520019769e-01
1.393018206113245394e-01
1.409395973154362325e-01
1.403540462427745605e-01
1.411345574129898583e-01
1.419122068550811855e-01
1.422348292979434825e-01
1.428571428571428492e-01
1.408201498751040781e-01
1.411616426845919425e-01
1.440252306973484331e-01
1.440738112136266957e-01
1.447010869565217295e-01
1.447170069891736410e-01
1.451477969882877805e-01
1.456934723610912863e-01
1.406806489908982993e-01
1.393805309734513220e-01
1.401065137238836633e-01
1.389937106918238963e-01
1.378723404255319251e-01
1.370757180156657873e-01
1.391478029294274388e-01
1.403072751920469985e-01
1.424948120820843933e-01
1.406138472519628813e-01
1.385767790262172339e-01
1.468730259001895244e-01
1.465798045602605959e-01
1.439675566069618107e-01
1.432584269662921239e-01
1.434306569343065663e-01
1.423234964512513911e-01
1.464566929133858386e-01
1.496957403651115737e-01
1.461167178587099713e-01
1.441774491682070169e-01
1.462225832656376956e-01
1.541899441340782162e-01
1.643835616438356073e-01
1.710526315789473728e-01
0.000000000000000000e+00
0.000000000000000000e+00
