9.975000000000000000e+03
9.965000000000000000e+03
9.954000000000000000e+03
9.944000000000000000e+03
9.934000000000000000e+03
9.924000000000000000e+03
9.913000000000000000e+03
9.903000000000000000e+03
9.893000000000000000e+03
9.883000000000000000e+03
9.873000000000000000e+03
9.863000000000000000e+03
9.853000000000000000e+03
9.843000000000000000e+03
9.833000000000000000e+03
9.823000000000000000e+03
9.813000000000000000e+03
9.802000000000000000e+03
9.792000000000000000e+03
9.782000000000000000e+03
9.772000000000000000e+03
9.762000000000000000e+03
9.752000000000000000e+03
9.741000000000000000e+03
9.731000000000000000e+03
9.721000000000000000e+03
9.711000000000000000e+03
9.700000000000000000e+03
9.690000000000000000e+03
9.680000000000000000e+03
9.670000000000000000e+03
9.660000000000000000e+03
9.650000000000000000e+03
9.640000000000000000e+03
9.630000000000000000e+03
9.620000000000000000e+03
9.610000000000000000e+03
9.600000000000000000e+03
9.589000000000000000e+03
9.578000000000000000e+03
9.566000000000000000e+03
9.556000000000000000e+03
9.546000000000000000e+03
9.535000000000000000e+03
9.525000000000000000e+03
9.515000000000000000e+03
9.505000000000000000e+03
9.495000000000000000e+03
9.485000000000000000e+03
9.474000000000000000e+03
9.464000000000000000e+03
9.453000000000000000e+03
9.443000000000000000e+03
9.432000000000000000e+03
9.422000000000000000e+03
9.412000000000000000e+03
9.402000000000000000e+03
9.392000000000000000e+03
9.381000000000000000e+03
9.371000000000000000e+03
9.361000000000000000e+03
9.351000000000000000e+03
9.341000000000000000e+03
9.331000000000000000e+03
9.321000000000000000e+03
9.311000000000000000e+03
9.301000000000000000e+03
9.291000000000000000e+03
9.280000000000000000e+03
9.270000000000000000e+03
9.260000000000000000e+03
9.248000000000000000e+03
9.238000000000000000e+03
9.228000000000000000e+03
9.218000000000000000e+03
9.208000000000000000e+03
9.198000000000000000e+03
9.188000000000000000e+03
9.178000000000000000e+03
9.168000000000000000e+03
9.158000000000000000e+03
9.148000000000000000e+03
9.138000000000000000e+03
9.127000000000000000e+03
9.117000000000000000e+03
9.107000000000000000e+03
9.097000000000000000e+03
9.087000000000000000e+03
9.077000000000000000e+03
9.067000000000000000e+03
9.057000000000000000e+03
9.046000000000000000e+03
9.036000000000000000e+03
9.025000000000000000e+03
9.014000000000000000e+03
9.004000000000000000e+03
8.994000000000000000e+03
8.984000000000000000e+03
8.973000000000000000e+03
8.963000000000000000e+03
8.951000000000000000e+03
8.941000000000000000e+03
8.930000000000000000e+03
8.920000000000000000e+03
8.910000000000000000e+03
8.900000000000000000e+03
8.890000000000000000e+03
8.878000000000000000e+03
8.867000000000000000e+03
8.856000000000000000e+03
8.845000000000000000e+03
8.835000000000000000e+03
8.824000000000000000e+03
8.814000000000000000e+03
8.804000000000000000e+03
8.794000000000000000e+03
8.783000000000000000e+03
8.770000000000000000e+03
8.759000000000000000e+03
8.746000000000000000e+03
8.736000000000000000e+03
8.726000000000000000e+03
8.715000000000000000e+03
8.705000000000000000e+03
8.694000000000000000e+03
8.683000000000000000e+03
8.673000000000000000e+03
8.663000000000000000e+03
8.653000000000000000e+03
8.643000000000000000e+03
8.633000000000000000e+03
8.623000000000000000e+03
8.613000000000000000e+03
8.603000000000000000e+03
8.592000000000000000e+03
8.582000000000000000e+03
8.571000000000000000e+03
8.560000000000000000e+03
8.550000000000000000e+03
8.540000000000000000e+03
8.530000000000000000e+03
8.518000000000000000e+03
8.508000000000000000e+03
8.498000000000000000e+03
8.488000000000000000e+03
8.478000000000000000e+03
8.467000000000000000e+03
8.456000000000000000e+03
8.445000000000000000e+03
8.435000000000000000e+03
8.425000000000000000e+03
8.411000000000000000e+03
8.401000000000000000e+03
8.391000000000000000e+03
8.380000000000000000e+03
8.370000000000000000e+03
8.359000000000000000e+03
8.347000000000000000e+03
8.337000000000000000e+03
8.325000000000000000e+03
8.315000000000000000e+03
8.304000000000000000e+03
8.293000000000000000e+03
8.283000000000000000e+03
8.273000000000000000e+03
8.263000000000000000e+03
8.252000000000000000e+03
8.241000000000000000e+03
8.231000000000000000e+03
8.221000000000000000e+03
8.210000000000000000e+03
8.199000000000000000e+03
8.186000000000000000e+03
8.176000000000000000e+03
8.166000000000000000e+03
8.154000000000000000e+03
8.143000000000000000e+03
8.132000000000000000e+03
8.122000000000000000e+03
8.111000000000000000e+03
8.100000000000000000e+03
8.088000000000000000e+03
8.078000000000000000e+03
8.068000000000000000e+03
8.058000000000000000e+03
8.047000000000000000e+03
8.036000000000000000e+03
8.026000000000000000e+03
8.016000000000000000e+03
8.006000000000000000e+03
7.994000000000000000e+03
7.983000000000000000e+03
7.973000000000000000e+03
7.962000000000000000e+03
7.952000000000000000e+03
7.941000000000000000e+03
7.930000000000000000e+03
7.918000000000000000e+03
7.907000000000000000e+03
7.897000000000000000e+03
7.887000000000000000e+03
7.877000000000000000e+03
7.866000000000000000e+03
7.856000000000000000e+03
7.846000000000000000e+03
7.835000000000000000e+03
7.825000000000000000e+03
7.815000000000000000e+03
7.805000000000000000e+03
7.794000000000000000e+03
7.784000000000000000e+03
7.774000000000000000e+03
7.764000000000000000e+03
7.754000000000000000e+03
7.743000000000000000e+03
7.733000000000000000e+03
7.722000000000000000e+03
7.712000000000000000e+03
7.700000000000000000e+03
7.689000000000000000e+03
7.678000000000000000e+03
7.667000000000000000e+03
7.657000000000000000e+03
7.647000000000000000e+03
7.637000000000000000e+03
7.627000000000000000e+03
7.616000000000000000e+03
7.606000000000000000e+03
7.594000000000000000e+03
7.582000000000000000e+03
7.572000000000000000e+03
7.562000000000000000e+03
7.550000000000000000e+03
7.540000000000000000e+03
7.530000000000000000e+03
7.519000000000000000e+03
7.507000000000000000e+03
7.495000000000000000e+03
7.484000000000000000e+03
7.471000000000000000e+03
7.459000000000000000e+03
7.447000000000000000e+03
7.437000000000000000e+03
7.426000000000000000e+03
7.415000000000000000e+03
7.403000000000000000e+03
7.391000000000000000e+03
7.379000000000000000e+03
7.369000000000000000e+03
7.358000000000000000e+03
7.347000000000000000e+03
7.335000000000000000e+03
7.323000000000000000e+03
7.311000000000000000e+03
7.299000000000000000e+03
7.289000000000000000e+03
7.278000000000000000e+03
7.268000000000000000e+03
7.258000000000000000e+03
7.248000000000000000e+03
7.235000000000000000e+03
7.225000000000000000e+03
7.215000000000000000e+03
7.203000000000000000e+03
7.193000000000000000e+03
7.182000000000000000e+03
7.172000000000000000e+03
7.161000000000000000e+03
7.149000000000000000e+03
7.136000000000000000e+03
7.125000000000000000e+03
7.114000000000000000e+03
7.104000000000000000e+03
7.094000000000000000e+03
7.083000000000000000e+03
7.072000000000000000e+03
7.062000000000000000e+03
7.049000000000000000e+03
7.038000000000000000e+03
7.026000000000000000e+03
7.014000000000000000e+03
7.003000000000000000e+03
6.992000000000000000e+03
6.982000000000000000e+03
6.971000000000000000e+03
6.961000000000000000e+03
6.950000000000000000e+03
6.933000000000000000e+03
6.921000000000000000e+03
6.911000000000000000e+03
6.899000000000000000e+03
6.887000000000000000e+03
6.877000000000000000e+03
6.867000000000000000e+03
6.855000000000000000e+03
6.842000000000000000e+03
6.830000000000000000e+03
6.816000000000000000e+03
6.804000000000000000e+03
6.793000000000000000e+03
6.782000000000000000e+03
6.771000000000000000e+03
6.759000000000000000e+03
6.746000000000000000e+03
6.734000000000000000e+03
6.721000000000000000e+03
6.711000000000000000e+03
6.700000000000000000e+03
6.687000000000000000e+03
6.673000000000000000e+03
6.659000000000000000e+03
6.649000000000000000e+03
6.637000000000000000e+03
6.626000000000000000e+03
6.616000000000000000e+03
6.606000000000000000e+03
6.596000000000000000e+03
6.585000000000000000e+03
6.574000000000000000e+03
6.563000000000000000e+03
6.549000000000000000e+03
6.536000000000000000e+03
6.523000000000000000e+03
6.512000000000000000e+03
6.500000000000000000e+03
6.487000000000000000e+03
6.477000000000000000e+03
6.467000000000000000e+03
6.455000000000000000e+03
6.443000000000000000e+03
6.429000000000000000e+03
6.417000000000000000e+03
6.406000000000000000e+03
6.393000000000000000e+03
6.383000000000000000e+03
6.373000000000000000e+03
6.362000000000000000e+03
6.348000000000000000e+03
6.333000000000000000e+03
6.323000000000000000e+03
6.312000000000000000e+03
6.300000000000000000e+03
6.290000000000000000e+03
6.274000000000000000e+03
6.257000000000000000e+03
6.245000000000000000e+03
6.234000000000000000e+03
6.219000000000000000e+03
6.209000000000000000e+03
6.195000000000000000e+03
6.185000000000000000e+03
6.174000000000000000e+03
6.164000000000000000e+03
6.152000000000000000e+03
6.141000000000000000e+03
6.130000000000000000e+03
6.120000000000000000e+03
6.108000000000000000e+03
6.096000000000000000e+03
6.086000000000000000e+03
6.072000000000000000e+03
6.058000000000000000e+03
6.047000000000000000e+03
6.035000000000000000e+03
6.021000000000000000e+03
6.007000000000000000e+03
5.992000000000000000e+03
5.981000000000000000e+03
5.971000000000000000e+03
5.958000000000000000e+03
5.942000000000000000e+03
5.928000000000000000e+03
5.917000000000000000e+03
5.902000000000000000e+03
5.890000000000000000e+03
5.878000000000000000e+03
5.867000000000000000e+03
5.854000000000000000e+03
5.842000000000000000e+03
5.829000000000000000e+03
5.818000000000000000e+03
5.805000000000000000e+03
5.789000000000000000e+03
5.776000000000000000e+03
5.765000000000000000e+03
5.754000000000000000e+03
5.741000000000000000e+03
5.731000000000000000e+03
5.713000000000000000e+03
5.700000000000000000e+03
5.690000000000000000e+03
5.678000000000000000e+03
5.658000000000000000e+03
5.644000000000000000e+03
5.631000000000000000e+03
5.620000000000000000e+03
5.610000000000000000e+03
5.597000000000000000e+03
5.584000000000000000e+03
5.572000000000000000e+03
5.562000000000000000e+03
5.548000000000000000e+03
5.534000000000000000e+03
5.521000000000000000e+03
5.507000000000000000e+03
5.493000000000000000e+03
5.478000000000000000e+03
5.463000000000000000e+03
5.441000000000000000e+03
5.430000000000000000e+03
5.416000000000000000e+03
5.404000000000000000e+03
5.386000000000000000e+03
5.373000000000000000e+03
5.359000000000000000e+03
5.345000000000000000e+03
5.325000000000000000e+03
5.314000000000000000e+03
5.302000000000000000e+03
5.290000000000000000e+03
5.275000000000000000e+03
5.260000000000000000e+03
5.248000000000000000e+03
5.233000000000000000e+03
5.218000000000000000e+03
5.203000000000000000e+03
5.192000000000000000e+03
5.171000000000000000e+03
5.157000000000000000e+03
5.144000000000000000e+03
5.130000000000000000e+03
5.114000000000000000e+03
5.100000000000000000e+03
5.085000000000000000e+03
5.074000000000000000e+03
5.062000000000000000e+03
5.051000000000000000e+03
5.041000000000000000e+03
5.025000000000000000e+03
5.009000000000000000e+03
4.994000000000000000e+03
4.981000000000000000e+03
4.966000000000000000e+03
4.951000000000000000e+03
4.934000000000000000e+03
4.918000000000000000e+03
4.908000000000000000e+03
4.894000000000000000e+03
4.883000000000000000e+03
4.873000000000000000e+03
4.860000000000000000e+03
4.841000000000000000e+03
4.828000000000000000e+03
4.817000000000000000e+03
4.801000000000000000e+03
4.782000000000000000e+03
4.760000000000000000e+03
4.742000000000000000e+03
4.726000000000000000e+03
4.707000000000000000e+03
4.692000000000000000e+03
4.672000000000000000e+03
4.657000000000000000e+03
4.646000000000000000e+03
4.623000000000000000e+03
4.611000000000000000e+03
4.589000000000000000e+03
4.567000000000000000e+03
4.551000000000000000e+03
4.528000000000000000e+03
4.515000000000000000e+03
4.497000000000000000e+03
4.479000000000000000e+03
4.466000000000000000e+03
4.445000000000000000e+03
4.430000000000000000e+03
4.416000000000000000e+03
4.398000000000000000e+03
4.377000000000000000e+03
4.363000000000000000e+03
4.340000000000000000e+03
4.319000000000000000e+03
4.307000000000000000e+03
4.291000000000000000e+03
4.271000000000000000e+03
4.248000000000000000e+03
4.233000000000000000e+03
4.214000000000000000e+03
4.192000000000000000e+03
4.179000000000000000e+03
4.161000000000000000e+03
4.143000000000000000e+03
4.129000000000000000e+03
4.107000000000000000e+03
4.091000000000000000e+03
4.070000000000000000e+03
4.052000000000000000e+03
4.032000000000000000e+03
4.015000000000000000e+03
3.994000000000000000e+03
3.975000000000000000e+03
3.952000000000000000e+03
3.927000000000000000e+03
3.908000000000000000e+03
3.880000000000000000e+03
3.868000000000000000e+03
3.830000000000000000e+03
3.814000000000000000e+03
3.784000000000000000e+03
3.771000000000000000e+03
3.752000000000000000e+03
3.731000000000000000e+03
3.706000000000000000e+03
3.689000000000000000e+03
3.664000000000000000e+03
3.641000000000000000e+03
3.623000000000000000e+03
3.600000000000000000e+03
3.571000000000000000e+03
3.555000000000000000e+03
3.536000000000000000e+03
3.507000000000000000e+03
3.483000000000000000e+03
3.460000000000000000e+03
3.446000000000000000e+03
3.422000000000000000e+03
3.404000000000000000e+03
3.381000000000000000e+03
3.366000000000000000e+03
3.347000000000000000e+03
3.323000000000000000e+03
3.313000000000000000e+03
3.274000000000000000e+03
3.251000000000000000e+03
3.228000000000000000e+03
3.210000000000000000e+03
3.176000000000000000e+03
3.142000000000000000e+03
3.116000000000000000e+03
3.071000000000000000e+03
3.047000000000000000e+03
3.011000000000000000e+03
2.992000000000000000e+03
2.978000000000000000e+03
2.934000000000000000e+03
2.904000000000000000e+03
2.884000000000000000e+03
2.850000000000000000e+03
2.827000000000000000e+03
2.797000000000000000e+03
2.773000000000000000e+03
2.754000000000000000e+03
2.728000000000000000e+03
2.698000000000000000e+03
2.672000000000000000e+03
2.619000000000000000e+03
2.580000000000000000e+03
2.558000000000000000e+03
2.539000000000000000e+03
2.492000000000000000e+03
2.458000000000000000e+03
2.432000000000000000e+03
2.388000000000000000e+03
2.357000000000000000e+03
2.321000000000000000e+03
2.288000000000000000e+03
2.233000000000000000e+03
2.198000000000000000e+03
2.167000000000000000e+03
2.136000000000000000e+03
2.109000000000000000e+03
2.075000000000000000e+03
2.023000000000000000e+03
1.914000000000000000e+03
1.877000000000000000e+03
1.773000000000000000e+03
1.749000000000000000e+03
1.688000000000000000e+03
1.612000000000000000e+03
1.551000000000000000e+03
1.514000000000000000e+03
1.368000000000000000e+03
1.340000000000000000e+03
1.204000000000000000e+03
1.116000000000000000e+03
9.570000000000000000e+02
8.950000000000000000e+02
7.710000000000000000e+02
7.270000000000000000e+02
6.100000000000000000e+02
5.200000000000000000e+02
3.770000000000000000e+02
3.070000000000000000e+02
2.130000000000000000e+02
1.410000000000000000e+02
4.700000000000000000e+01
1.800000000000000000e+01
