7.897507897507897003e-04
7.920356416038722060e-04
7.612911055822497433e-04
7.636417966610038917e-04
7.665729744142382946e-04
7.698658871309664543e-04
7.716826035900016447e-04
7.744238118486843027e-04
7.598784194528875350e-04
7.620574421965317907e-04
7.640327345580494702e-04
7.663052733155474973e-04
7.685476157945074667e-04
7.705259553094945821e-04
7.723598166932702175e-04
7.743667400881056734e-04
7.767146695510588738e-04
7.794907327212887869e-04
7.816933214438744190e-04
7.840358681890513418e-04
7.857425558168229865e-04
7.887449023709087580e-04
7.912829921047541751e-04
7.940148921904224572e-04
7.963051441312311201e-04
7.980751609451574614e-04
8.004696088371844945e-04
7.858171903463548498e-04
7.879044725516763615e-04
7.899035958565965966e-04
7.922075583802956275e-04
7.959718997799017631e-04
7.985625873427829730e-04
8.010535067330974614e-04
8.032715057689498745e-04
8.051628014785716615e-04
8.078335373317013660e-04
7.730630475863253370e-04
7.754752863411722066e-04
7.772452208671835677e-04
7.794376913797903443e-04
7.822394397675631883e-04
7.852522155330366859e-04
7.877412457565129101e-04
7.906824970506287544e-04
7.928816844330895770e-04
7.952236093053784627e-04
7.978723404255318738e-04
8.004574042309891462e-04
8.023484612102725925e-04
8.055235903337169606e-04
7.892558536475812164e-04
7.917707340937765606e-04
7.940145504780225447e-04
7.963690749817094313e-04
7.991060407219240450e-04
8.019246190858059231e-04
8.040371818169932778e-04
8.072243296100384225e-04
8.093809222994314406e-04
8.117150946011046902e-04
7.751116293243941234e-04
7.785052698818269298e-04
7.811196047668324651e-04
7.831220465589483481e-04
7.856092500453235776e-04
7.883725161212072619e-04
7.911445901262449893e-04
7.937692506004152522e-04
7.960808328230250695e-04
7.987547618072338759e-04
7.817267933429791500e-04
7.840440165061897696e-04
7.852429431456556643e-04
7.865757734661772520e-04
7.891130092893829887e-04
7.917986331055175799e-04
7.939382121068612637e-04
7.961227425730128641e-04
7.988843649920461662e-04
8.012426289192361040e-04
8.034619342288879321e-04
8.062177778092093159e-04
8.096705919118169425e-04
7.912576719916169371e-04
7.936280958645541405e-04
7.752438788035402508e-04
7.775601889183273276e-04
7.793951028007707182e-04
7.817702753568636035e-04
7.842852474492574989e-04
7.856088104573261729e-04
7.889949811152590243e-04
7.914929168712578214e-04
7.728202788041157708e-04
7.748505645339827082e-04
7.770985360943767281e-04
7.794058700396383661e-04
7.817327665150352982e-04
7.839916374225341846e-04
7.861282062800413126e-04
7.884895543907603690e-04
7.901747414999774543e-04
7.925545164285228853e-04
7.946177888435662726e-04
7.979814868295055435e-04
8.006588278354760495e-04
8.038215975380092262e-04
8.063463295883026077e-04
7.870370370370370454e-04
7.899689433778142849e-04
7.927502215037383632e-04
7.958491007685405960e-04
7.987658284846159808e-04
8.014772325462617445e-04
8.040866521615740647e-04
8.064197335652448489e-04
8.086317475166284342e-04
8.110235594392806169e-04
8.138644197625430560e-04
8.176614881439084499e-04
8.200279774251121754e-04
8.228527174307633451e-04
8.265534342484846635e-04
8.281035616571813312e-04
8.314516983623661782e-04
8.338988039274998921e-04
8.371566221551038356e-04
8.399347815346102199e-04
8.422582429832456375e-04
8.458833676109599750e-04
8.493276156376201825e-04
8.525149190110826915e-04
8.558123924990561088e-04
8.575464083938659715e-04
8.603093739984143430e-04
8.626376414472015355e-04
8.661317029677748297e-04
8.694614453517909023e-04
8.716756682846790380e-04
8.742982042600608208e-04
8.773514308569659460e-04
8.800993994615862771e-04
8.833692743381225910e-04
8.878134547258657860e-04
8.660280803044219898e-04
8.702761148764471275e-04
8.726311150286469951e-04
8.754554136747904128e-04
8.779241970097369533e-04
8.818106512038051967e-04
8.849082913225356532e-04
8.873432584320016742e-04
8.912575734387238142e-04
8.949637946464892658e-04
8.979836186018667638e-04
9.005485159142386691e-04
9.034248012921711809e-04
9.059794644654721668e-04
8.817856158721411016e-04
8.856333662370729316e-04
8.877955850665384362e-04
8.910008910008909884e-04
8.380200379902416792e-04
8.404459966755692185e-04
8.428860418071476351e-04
8.451974005484391489e-04
8.505973083320732264e-04
8.535012518018360002e-04
8.567593553361828014e-04
8.318990246701090394e-04
8.353015726712368109e-04
8.389666245576138685e-04
8.420278353109695571e-04
7.879070853274191925e-04
7.900203844765870710e-04
7.923310182920864468e-04
7.958263330091078312e-04
7.982418968592630603e-04
8.010443244526197154e-04
8.033562438632509605e-04
7.767377016530571622e-04
7.794076501858587932e-04
7.820960173264348029e-04
7.842821807066583739e-04
7.569640694388373283e-04
7.605410996410245927e-04
7.632267190409801729e-04
7.662913541900811263e-04
7.689389667510790815e-04
7.715414369187721493e-04
7.743454200049557958e-04
7.778711223124552690e-04
7.802665390497393614e-04
7.826930903853980548e-04
7.855377267585570865e-04
7.880800268997982831e-04
7.904388516504363407e-04
7.934492827218484270e-04
7.964658156871907502e-04
8.003073180101158467e-04
8.037293039704227144e-04
8.070417079154650584e-04
8.108371082305371787e-04
8.140582431537702213e-04
8.164242793695027393e-04
8.199230365576351369e-04
8.226029350472722178e-04
8.261913679525876610e-04
8.294992036807644553e-04
8.334444592612348613e-04
7.703214138188962772e-04
7.735252572812268725e-04
7.777539817622327678e-04
7.800312012480499491e-04
7.839038411288215069e-04
7.865309425832411883e-04
7.891937642255035090e-04
7.584550500465415653e-04
7.629440392106996748e-04
7.655369197578119423e-04
7.679061758272444230e-04
7.712532865907098870e-04
7.738304607808652686e-04
7.769276044732195902e-04
7.808710261355166415e-04
7.830481930569726991e-04
7.874767336419606113e-04
7.905043657400199000e-04
7.934695055242308630e-04
7.963897000265462729e-04
8.000000000000000383e-04
8.049860347119735778e-04
8.083975356123610824e-04
8.117681786873954305e-04
8.145835133233773114e-04
8.177020095646356625e-04
8.215085884988797098e-04
8.254333525100677766e-04
8.305752362734857572e-04
8.332176086654631119e-04
8.367776453584197275e-04
8.406786569521576893e-04
8.444757213230119760e-04
8.490274776165483359e-04
8.514261387824606378e-04
8.546233830137128611e-04
8.576329331046312048e-04
8.596996261609201077e-04
8.627563759003385301e-04
8.660394441601385529e-04
8.308167060095742167e-04
8.344923504867872086e-04
7.580996967601213131e-04
7.207207207207207318e-04
7.229593134564149190e-04
7.263922518159805775e-04
7.301836276604375389e-04
7.352740938427602306e-04
7.373926342669088682e-04
7.403751233958539039e-04
7.437094575052679950e-04
7.471773300863404415e-04
7.501146008417952302e-04
7.132268620815036949e-04
6.741573033707864895e-04
6.774494029977136487e-04
6.794055201698514243e-04
6.834491399931655331e-04
6.859690742275701943e-04
6.893778365025564825e-04
6.923709377298887342e-04
6.948264381459714947e-04
6.975933031042901890e-04
7.000452112532267682e-04
7.026583909122848491e-04
7.054155338379014366e-04
7.087486157253599511e-04
7.117859896791031444e-04
7.142006903940006620e-04
7.167709468842862943e-04
7.194244604316546920e-04
7.225651061267499573e-04
7.258869431086108692e-04
7.295608955359992806e-04
7.327908645405554469e-04
7.355983632936416569e-04
7.373271889400921653e-04
7.403522842952772092e-04
7.433102081268582600e-04
7.462802593323900795e-04
7.495081352862183926e-04
7.527640555163490638e-04
7.556080283353010718e-04
7.601311226186517134e-04
7.634801972323842622e-04
7.677788796826513686e-04
7.704160246533128158e-04
7.731585136027575725e-04
7.777309698953304134e-04
7.345619562201074386e-04
7.395234182415776156e-04
7.432242720531157237e-04
7.471731947465421993e-04
7.495377850325632505e-04
7.531884979747598564e-04
7.563152321887762607e-04
7.601736574488572378e-04
7.123836016079515250e-04
7.150396676768020800e-04
7.175316909830184008e-04
7.199917715226112182e-04
7.240006205719604982e-04
7.264927696671970780e-04
7.292299678791561287e-04
7.316435850535667109e-04
7.355903112247578210e-04
7.391633374984600980e-04
7.425086184036064395e-04
7.453945266744755422e-04
7.493443237167478387e-04
7.534848675122441265e-04
7.586705202312138191e-04
7.620430009979134575e-04
7.648601398601398730e-04
7.669551879040210560e-04
7.698088308070162545e-04
7.733240043453444351e-04
7.762970630094448952e-04
7.812064058925283563e-04
7.845627930435432025e-04
7.878742402641254750e-04
7.923780775398546862e-04
7.959671000265322680e-04
7.432677097825465774e-04
7.470119521912350468e-04
7.500865484478978426e-04
7.540311666215537443e-04
7.587401023326394763e-04
7.616889965235732439e-04
7.646009371262767976e-04
7.680189050807404751e-04
7.718798242489016085e-04
7.741935483870967518e-04
7.780082987551866685e-04
7.827395885599598441e-04
7.864647401641493285e-04
7.902415302318042218e-04
7.927957229687150609e-04
7.961620904358477193e-04
6.766732283464566835e-04
6.789424956280217839e-04
6.831732361709174847e-04
6.857855361596010453e-04
6.877579092159559915e-04
6.904054562952425308e-04
6.930443548387097124e-04
6.962759784787424721e-04
6.988120195667365132e-04
7.035497281739686417e-04
7.091284167096441717e-04
7.127121938577167743e-04
7.153696076306091190e-04
7.200995046588255571e-04
7.237159524540549621e-04
7.262803442128661557e-04
7.290400972053463378e-04
7.355891400294235294e-04
7.395289424736122127e-04
7.435781883731410347e-04
7.475026615625070736e-04
7.515543510442050787e-04
7.566377768606410287e-04
7.617201024859774055e-04
7.653061224489795525e-04
7.686574117208609192e-04
7.727432384966631713e-04
7.754123784012406347e-04
7.788345802553633479e-04
7.831968672125311703e-04
7.881349860285161201e-04
7.912151146063105050e-04
7.957943474486351343e-04
7.993024269728237407e-04
8.035649061290087332e-04
8.076160642177137618e-04
8.135492936912950244e-04
8.167912479580219333e-04
8.213041314086609937e-04
8.253301320528211391e-04
8.284172210367766846e-04
8.343657556066850752e-04
8.389475022244819889e-04
8.425460208849286673e-04
8.469791078486731172e-04
8.512614146416963784e-04
8.545680546923554565e-04
8.583690987124463056e-04
8.636482596179010252e-04
8.681925808997632398e-04
8.714481884440688705e-04
8.762147522701928043e-04
8.795778026547257638e-04
8.843154594420773659e-04
8.873114463176575307e-04
8.925190674528046646e-04
8.986193938403725561e-04
9.037629402420989258e-04
9.093163594279573061e-04
9.140514638672686326e-04
9.196042914866935872e-04
9.271225487441703880e-04
9.302063366783177569e-04
9.363827251574825990e-04
9.401709401709401701e-04
9.443411074545715166e-04
9.519139239045778210e-04
9.575764610295397616e-04
9.637568996232586662e-04
9.695901278096077242e-04
8.869441816461684546e-04
8.900756564307965926e-04
8.051529790660225420e-04
7.192950908110052038e-04
7.227609468168403424e-04
7.284426503171760213e-04
7.312391456689315171e-04
7.350914269962326424e-04
7.393259811471874620e-04
7.428730615656049504e-04
7.478033277248083465e-04
7.521388949826067569e-04
7.569545196492777133e-04
7.605767707177942764e-04
7.631160572337043107e-04
7.685164430497294034e-04
7.720765642592890450e-04
7.762970630094448952e-04
7.801833430856251706e-04
7.841855905897729016e-04
7.891102781613730435e-04
7.945441303052374130e-04
7.985094490284801779e-04
8.039931660580885292e-04
8.081080171049530693e-04
8.125126955108673667e-04
8.170212765957447039e-04
8.223402432756553347e-04
8.259059155511200940e-04
8.295886622882820772e-04
8.352183748042456756e-04
8.410428931875525271e-04
8.455765775288024604e-04
8.501594048884165934e-04
8.561643835616437881e-04
8.603692417996056628e-04
8.671773377655730064e-04
8.725686238865661051e-04
8.770968095603552282e-04
8.823853818155078833e-04
8.867213478164486396e-04
8.930232558139535211e-04
8.984053305382945585e-04
9.032403748447555281e-04
9.068581144908369196e-04
9.116462812428777337e-04
9.171156712140318690e-04
9.213759213759214074e-04
9.263190397159287801e-04
9.310625751639058393e-04
9.366584709050462289e-04
9.423960419366238456e-04
9.457382669346258829e-04
9.516256938937351110e-04
9.567852017222134046e-04
9.613073780341263586e-04
9.657947686116700407e-04
9.715025906735751116e-04
9.769600260522673559e-04
9.803521097994363429e-04
9.863959557765812972e-04
9.928432548711371968e-04
9.977965326570491233e-04
1.004352192835620975e-03
1.009166596585652984e-03
1.016733742851090886e-03
1.024284068114890553e-03
1.031105000859254116e-03
1.037434079709518555e-03
1.043932144410613262e-03
1.050604097355979736e-03
1.057315300233490490e-03
1.065719360568383655e-03
1.070425047946121965e-03
1.079330814894765254e-03
1.085579880586213034e-03
1.090066766589453586e-03
1.096992412469147138e-03
1.102890492164882233e-03
9.705148350124780110e-04
9.807126511932003944e-04
9.862396092612595814e-04
9.922041105598865523e-04
9.964885641074309238e-04
1.004400229577195273e-03
1.009955273409320455e-03
1.017244720015500828e-03
1.028504260946224011e-03
1.035758323057953123e-03
1.041614999255989320e-03
1.051472060885239252e-03
1.057188884414015251e-03
1.067778512228606232e-03
1.075929910851521586e-03
1.085888618853094768e-03
1.092668713252510637e-03
1.103810775295663597e-03
1.113408620963893779e-03
1.121914734480179482e-03
9.703504043126684464e-04
9.781545484186500786e-04
9.842519685039369942e-04
9.897723523589574239e-04
9.948598905654120611e-04
1.002171371304493063e-03
1.007443890972183412e-03
1.014313084638791829e-03
1.019252548131370376e-03
1.026694045174538026e-03
1.036448436690274580e-03
1.045842774969496297e-03
1.051709027169149806e-03
1.058076651775217590e-03
1.065719360568383655e-03
1.073665374291679154e-03
1.082446328702868455e-03
1.092100473243538469e-03
1.102535832414553493e-03
1.110220193671744961e-03
1.116417540160019768e-03
1.130440243672674837e-03
1.143147466023116971e-03
1.150600869342879038e-03
1.158226626343221259e-03
1.165123956243122559e-03
1.172791243158717838e-03
1.186787103580141120e-03
1.192131929266838962e-03
1.199040767386091045e-03
1.207810507951419124e-03
1.213919611545724369e-03
1.221001221001221000e-03
1.228501228501228471e-03
1.235584843492586399e-03
1.243523316062176065e-03
1.255142598145178243e-03
1.260504201680672344e-03
1.270199703620069178e-03
1.279499573500142255e-03
1.291989664082687393e-03
1.303875407461064801e-03
1.313293448124908808e-03
1.321197886083382315e-03
1.328903654485049908e-03
1.343183344526527930e-03
1.351148476204774114e-03
1.367053998632946103e-03
1.377832210655235718e-03
1.389532190829087521e-03
1.402415270744059288e-03
1.409995300015666649e-03
1.417657714420729291e-03
1.424501424501424572e-03
1.431297709923664120e-03
1.200960768614891833e-03
1.211240310077519363e-03
1.220305890009762374e-03
1.231122783978988791e-03
1.236195813416845210e-03
1.245743708994269654e-03
1.256491874685877102e-03
1.266784899923992930e-03
1.276052743513398594e-03
1.290322580645161289e-03
1.295672454003627978e-03
1.302083333333333261e-03
1.311532744600856903e-03
1.320538779822167351e-03
1.336183858898984606e-03
1.349163518618456568e-03
1.358941837289363939e-03
1.374003847210772183e-03
1.385425325574951572e-03
1.401214385801027645e-03
1.417903393515455119e-03
1.432801604737797205e-03
1.442030378773312806e-03
1.455462837182223967e-03
1.469435736677116066e-03
1.483973090621289962e-03
1.499700059988002491e-03
1.522533495736906129e-03
1.535941019864837291e-03
1.547029702970297103e-03
1.564945226917057938e-03
1.584618635115148935e-03
1.592694839668719504e-03
1.616553507921112244e-03
1.627957456045148665e-03
1.324064879179079812e-03
1.338986833296139248e-03
1.350894967916244603e-03
1.362707245060186230e-03
1.380897583429229044e-03
1.397949673811742840e-03
1.406964474147027761e-03
1.420790906938195668e-03
1.432493732839918918e-03
1.450151057401812688e-03
1.458257382427998470e-03
1.469867711905928440e-03
1.486068111455108275e-03
1.499812523434570751e-03
1.509433962264150868e-03
1.523616048755713649e-03
1.543408360128617268e-03
1.558036873539340528e-03
1.573357807788121170e-03
1.598295151838039331e-03
1.611820013431833473e-03
1.622279302419900012e-03
1.640464798359535280e-03
1.657000828500414160e-03
1.675977653631284883e-03
1.707698875764906889e-03
1.722900215362526940e-03
1.743425831759407279e-03
1.759014951627088912e-03
1.781472684085510768e-03
1.804511278195488743e-03
1.836266258607498073e-03
1.853854472423914707e-03
1.877053026748005558e-03
1.898734177215189800e-03
1.928330387273019444e-03
1.943634596695821082e-03
1.970443349753694430e-03
1.995344196873960734e-03
2.013760698103708811e-03
2.037697401935812530e-03
2.059025394646534120e-03
2.094972067039106104e-03
2.129169623846699760e-03
2.153625269203158620e-03
2.177463255307566896e-03
2.203452074917370759e-03
2.237553608055193200e-03
2.271866717152593810e-03
2.295332823259372754e-03
2.321532211259431239e-03
2.351097178683385705e-03
1.784298176050753320e-03
1.815248083904800417e-03
1.837859914233203962e-03
1.865284974093264206e-03
1.904761904761904760e-03
1.934651762682717017e-03
1.308329699084169245e-03
1.326259946949602054e-03
1.345291479820627870e-03
1.358695652173913006e-03
1.373940920540416824e-03
1.392757660167130923e-03
1.408781404085466052e-03
1.424839705533127590e-03
1.459143968871595351e-03
1.482213438735177765e-03
1.516300227445034100e-03
1.540041067761807039e-03
1.572327044025157317e-03
1.594472495349455237e-03
8.055853920515574978e-04
8.196721311475409829e-04
8.361204013377926273e-04
8.571428571428570987e-04
8.738712496358869630e-04
8.878366380585971974e-04
9.085402786190188056e-04
9.208103130755064796e-04
9.360374414976599606e-04
9.569377990430622287e-04
9.868421052631579267e-04
1.006373700100637262e-03
1.026694045174538026e-03
1.053001053001053006e-03
1.076040172166427495e-03
1.096892138939670885e-03
1.123174840883564172e-03
1.152516327314636897e-03
1.170046801872074924e-03
0.000000000000000000e+00
0.000000000000000000e+00
0.000000000000000000e+00
0.000000000000000000e+00
0.000000000000000000e+00
0.000000000000000000e+00
0.000000000000000000e+00
0.000000000000000000e+00
0.000000000000000000e+00
0.000000000000000000e+00
0.000000000000000000e+00
0.000000000000000000e+00
0.000000000000000000e+00
0.000000000000000000e+00
0.000000000000000000e+00
0.000000000000000000e+00
0.000000000000000000e+00
0.000000000000000000e+00
0.000000000000000000e+00
0.000000000000000000e+00
0.000000000000000000e+00
0.000000000000000000e+00
0.000000000000000000e+00
0.000000000000000000e+00
0.000000000000000000e+00
0.000000000000000000e+00
0.000000000000000000e+00
0.000000000000000000e+00
0.000000000000000000e+00
0.000000000000000000e+00
0.000000000000000000e+00
0.000000000000000000e+00
0.000000000000000000e+00
