7.897507897507897003e-04
7.931131342839675387e-04
7.961123181795564567e-04
7.993338884263114126e-04
7.857210523089611662e-04
7.880661081271413820e-04
7.905891851885078281e-04
7.937758962349126006e-04
7.965381660414878060e-04
7.992925410700316103e-04
8.023261768873158999e-04
8.049461371148674887e-04
8.082359819780572750e-04
8.115995418204004826e-04
8.139796678270206200e-04
8.003851128369012012e-04
8.033203909492569626e-04
7.894459843514262717e-04
7.922581705291697812e-04
7.776966040581622438e-04
7.805247254859061555e-04
7.836106642287668381e-04
7.862337615924807092e-04
7.723348460718690951e-04
7.750121658886505258e-04
7.785764725053867128e-04
7.821405185167220339e-04
7.847670032850711250e-04
7.870604816322048381e-04
7.905816597312022298e-04
7.934555295854348435e-04
7.970047449584816493e-04
8.010680907877169117e-04
8.045002120388155273e-04
8.072792810833813362e-04
8.099911466083975454e-04
8.127417749272312876e-04
8.164608636763524135e-04
8.196044296760338294e-04
8.228300250038271145e-04
8.070508057697727564e-04
8.096749733321337772e-04
8.131445461233656252e-04
7.579732960177248740e-04
7.612776451144844924e-04
7.639269764162030492e-04
7.661329928297809424e-04
7.687001084064255287e-04
7.709338182968292902e-04
7.544123194208231112e-04
7.578023731179578826e-04
7.401776426342322442e-04
7.426984711117058224e-04
7.260992335619201451e-04
7.288924883579672113e-04
7.316329641296615959e-04
7.360357658861053053e-04
7.189909475615935061e-04
7.221160062170750007e-04
7.251831950880925030e-04
7.283220154404267122e-04
7.316206442442358586e-04
7.347024455095686355e-04
7.374631268436578069e-04
7.396814438581784642e-04
7.423170188548522917e-04
7.461095715199317574e-04
7.493630414147974417e-04
7.531038637814420735e-04
7.568931338979995862e-04
7.598949173885668042e-04
7.637307885338550815e-04
7.666751852798364773e-04
7.707553402334288081e-04
7.744790706251152490e-04
7.775186049094746617e-04
7.816862088218871603e-04
7.848002870126764233e-04
7.657945118059987120e-04
7.686337158918788836e-04
7.712373823295905423e-04
7.741289152328837417e-04
7.765630234187045552e-04
7.796913339601440436e-04
7.607835301892736796e-04
7.634353046415324031e-04
7.659515206845595543e-04
7.693981596617756845e-04
7.496076272576072995e-04
7.521624670928920469e-04
7.550434543238035683e-04
7.588152996134784820e-04
7.614454773311336291e-04
7.660022660900371594e-04
7.706201083684527386e-04
7.737816968387793573e-04
7.775231029651167008e-04
7.805385716144138970e-04
7.594936708860759418e-04
7.627264600470757671e-04
7.656022325948976534e-04
7.446324411533529518e-04
7.484718699322217552e-04
7.509073463768720482e-04
7.534785593489945563e-04
7.557690369822981855e-04
7.584567932446781855e-04
7.366638441998306234e-04
7.394940840473276282e-04
7.422764851928639060e-04
7.196278495977794171e-04
7.227733847305517923e-04
7.248190109672018920e-04
7.277011573913645670e-04
7.309559860074139924e-04
7.340283299981649294e-04
7.375019754517199390e-04
7.418266598371513979e-04
7.445818375216061227e-04
7.469388843934233460e-04
7.505897490885695680e-04
7.272661973854331521e-04
7.313703713736219173e-04
7.070917678200723576e-04
7.097942506665695607e-04
7.132406730065838068e-04
7.159707369909035441e-04
6.915693090761555707e-04
6.947918403646267862e-04
6.978821602709643981e-04
7.008101365178145839e-04
6.754411474994606026e-04
6.785411365564037248e-04
6.534029033815967179e-04
6.569238825153520412e-04
6.595864679622601796e-04
6.617752841317795995e-04
6.662482498913726041e-04
6.696688536045653948e-04
6.721739469274831246e-04
6.748100263078111527e-04
6.782459968741706225e-04
6.810577122383109673e-04
6.843337168246915866e-04
6.872304612411979504e-04
6.902899217671421787e-04
6.939834650896144035e-04
6.969908179035728653e-04
6.995701192310812243e-04
7.031488841332925220e-04
7.068875434121154461e-04
6.796766386900777567e-04
6.824668072961905712e-04
6.862276196219509444e-04
6.898786440748831596e-04
6.925498426023085500e-04
6.958722125573304010e-04
6.982132089244343304e-04
7.007410867857218973e-04
7.036772467028456438e-04
7.068121700204547681e-04
7.092655877232574785e-04
7.121738567451496235e-04
7.155479905027266850e-04
7.181328545780969958e-04
7.211617259803975452e-04
7.248525584000527645e-04
7.290239915168117727e-04
7.323243531134881199e-04
7.356219349086045222e-04
7.393384041492567869e-04
7.434525485778653402e-04
7.473079927986684768e-04
7.509899412862409843e-04
7.194491075405118037e-04
7.228418009087154332e-04
7.259068073927271237e-04
7.292341883507731746e-04
7.320899424786474294e-04
7.351568334578043387e-04
7.380679022470067272e-04
7.066971331652964440e-04
7.103618109490433341e-04
7.130209509322748456e-04
7.157000739556742619e-04
6.828391734052111691e-04
6.855163621931713433e-04
6.894049346879535696e-04
6.932872763540387246e-04
6.972903541501008877e-04
7.005641384904686417e-04
7.040513833992094331e-04
7.069153685881536140e-04
7.103600403783602102e-04
7.139904550749689863e-04
7.183364839319471154e-04
7.222046246436490333e-04
7.264292814722299709e-04
7.295719844357976755e-04
7.330246913580247374e-04
7.366910937924082319e-04
7.408562738828667130e-04
7.449811794228356670e-04
7.488078191300692093e-04
7.514237502636574939e-04
7.560082763011300496e-04
7.199808005119863984e-04
7.239479293748575213e-04
6.867392006894323161e-04
6.899630666829010975e-04
6.934058463630183178e-04
6.968165049870200323e-04
7.002416520210896734e-04
7.044588098789988624e-04
7.085006182015198516e-04
6.702693645008587792e-04
6.739869134207643808e-04
6.348041981717639269e-04
6.381168462847419242e-04
6.410895673357742399e-04
6.454296409976907883e-04
6.483402489626555751e-04
6.519188143769828704e-04
6.552793674369839817e-04
6.588483331137172383e-04
6.631104299902743559e-04
6.666962976132272903e-04
6.702013582747527905e-04
6.286954569268767305e-04
6.327016359856587214e-04
6.356124580041769279e-04
6.384531192995257509e-04
6.412311638345623722e-04
6.454388984509466928e-04
6.497524752475247875e-04
6.541037221616570344e-04
6.576577987253965545e-04
6.614798248653415858e-04
6.642521627734109023e-04
6.204066049441634432e-04
6.232819791600076841e-04
6.261539696556153028e-04
6.298144469744683133e-04
6.330449461911795851e-04
5.867970660146699805e-04
5.902994129800281800e-04
5.929634998023455145e-04
5.965005302226935755e-04
5.997001499250374399e-04
6.019865556335908877e-04
6.052658125693533963e-04
6.087662337662337522e-04
5.623434384745155728e-04
5.651265540980237537e-04
5.686713768740306579e-04
5.727178063172509628e-04
5.756249018821189573e-04
5.783284555125217143e-04
5.815797821719360895e-04
5.855112577846382929e-04
5.885185383339574952e-04
5.920132036884216643e-04
5.952595692485299333e-04
5.983897874809602753e-04
6.013777016437657106e-04
6.036106893965722479e-04
6.072986252967482301e-04
6.101055667510953823e-04
6.135311506497852403e-04
6.160394265232974498e-04
6.197648649663824519e-04
6.223949001339092136e-04
6.263523516683749178e-04
6.296508299942759354e-04
6.323413877019181187e-04
6.350672593961087693e-04
6.369672637430512721e-04
6.404036483601785890e-04
5.870152232614566073e-04
5.905628063544557426e-04
5.936127270568681419e-04
5.965993835139703216e-04
5.395144370066940137e-04
5.427899402931065168e-04
4.849366551494210895e-04
4.875274234175672530e-04
4.907574022574840268e-04
4.930966469428008135e-04
4.955299072946132239e-04
4.984734251355224174e-04
5.002188457450134924e-04
5.030602833906263390e-04
5.059235212277077244e-04
5.088626918836400151e-04
5.110732538330494323e-04
5.134129123347451690e-04
5.157075937943186340e-04
5.185489272519067366e-04
5.213877604223240677e-04
5.235944760782773339e-04
5.267778753292361518e-04
5.306330009507174506e-04
4.667703934207601945e-04
4.696935808543949956e-04
4.719313227560789485e-04
4.738374060786569846e-04
4.767526334907373981e-04
4.795944001644323685e-04
4.822486565930280572e-04
4.848988639512330284e-04
4.877142459008778795e-04
4.907000654266754176e-04
4.935254165589527797e-04
4.959848842701936218e-04
4.993579683264374493e-04
5.036091992613731579e-04
5.079334365325077500e-04
5.112598904443092351e-04
5.134097743441801837e-04
5.173943037350941642e-04
5.215706728261679985e-04
5.247638562646809350e-04
5.275586594985680810e-04
5.315110098709187802e-04
5.361656496540455254e-04
5.397763783575376326e-04
5.438723712835387848e-04
5.465049705928277457e-04
5.494505494505494501e-04
5.531556211147403137e-04
5.569996286669141785e-04
5.606129368109132862e-04
5.643037566507228117e-04
5.673222390317700587e-04
5.711954304365565510e-04
5.743039982497402142e-04
5.776530780656873986e-04
5.809128630705394586e-04
5.020500376537528160e-04
5.057742560903650186e-04
5.083596927248079655e-04
5.108991825613078564e-04
5.138452754781616281e-04
5.159958720330236944e-04
5.203515263644773467e-04
5.239564533969843542e-04
5.273334505185445090e-04
5.294896308280629214e-04
5.330174711282203081e-04
4.470272686633884802e-04
4.497211728728188560e-04
4.521068177708119753e-04
4.560240780713221628e-04
4.584912581000122269e-04
4.634349800722958705e-04
4.655060050274648521e-04
4.691311690748733152e-04
4.714757190004714737e-04
4.764930114358322953e-04
4.804766328197571795e-04
4.837305298461736956e-04
4.866969500324464870e-04
3.919263178522437805e-04
3.940239697914956624e-04
3.966811014511917050e-04
2.999800013332444256e-04
3.020641047155563216e-04
3.047025764295629470e-04
3.063412641682834530e-04
3.086737318654182347e-04
3.108915679298076087e-04
3.126628452318915940e-04
3.146083126507498201e-04
3.171247357293868730e-04
3.203873126624185732e-04
3.225806451612903223e-04
3.245114300137016050e-04
3.264181053242419810e-04
3.282874338865584326e-04
3.305420890260026283e-04
3.330003330003330000e-04
3.348089728804732007e-04
3.370534042393828257e-04
3.387661384424285843e-04
3.408316291751874714e-04
3.430400975758499831e-04
3.449729771167925102e-04
3.470481625727837144e-04
3.498406281582834435e-04
3.515350363252871127e-04
3.538153084090105149e-04
3.571570300408746638e-04
3.603892203579865997e-04
3.623188405797101493e-04
3.647859922178988377e-04
3.666137113528045773e-04
3.696402168555938846e-04
3.730724589620295229e-04
3.763013755905840799e-04
3.780718336483932158e-04
3.802442012759305609e-04
3.823929299796057012e-04
3.854059609455292722e-04
3.881150545517270882e-04
3.903031354351880144e-04
3.939592908732764067e-04
3.972282296861896767e-04
4.001066951186983407e-04
4.047490555855369704e-04
4.070372212925692972e-04
4.105839416058394242e-04
4.135459265726232326e-04
4.168596572487262564e-04
4.211708549768355936e-04
4.240682278659944579e-04
4.266211604095563182e-04
4.294917680744452437e-04
4.322974206253902565e-04
4.354768471476266412e-04
4.396678065461651183e-04
4.428697962798937250e-04
4.457431528899014408e-04
4.505406487785342385e-04
3.029232089665269976e-04
3.056701818737582064e-04
3.083564600678383996e-04
3.105107902499611790e-04
3.126954346466541586e-04
3.151260504201680861e-04
3.168735146554000704e-04
3.196760615909211858e-04
3.224592895146987650e-04
3.255914912090297438e-04
3.275109170305676794e-04
3.304146704113662442e-04
3.324652296780628599e-04
3.348027453825121527e-04
3.377047334946811489e-04
3.401553376041725621e-04
3.435442313197824369e-04
3.465804066543438033e-04
3.497522588166715398e-04
3.533360815028561063e-04
3.597122302158273460e-04
3.636143264044603232e-04
3.660098822668212174e-04
3.683693516699410616e-04
3.706449221645663310e-04
3.747657713928794713e-04
3.777386048854192808e-04
3.817036707169667222e-04
3.870967741935483759e-04
3.902946724777206586e-04
3.948407475651487079e-04
3.985386914646296794e-04
4.023605150214592261e-04
4.058441558441558709e-04
4.090816117815504363e-04
4.129955947136563989e-04
4.167824395665462836e-04
4.210526315789473915e-04
4.246585037865383233e-04
4.287245444801714633e-04
4.314994606256742238e-04
4.356982063757170679e-04
4.390458071125420518e-04
4.422169811320754819e-04
4.456658991309514787e-04
4.491354143274197330e-04
4.540295119182746969e-04
4.584001833600733562e-04
4.629629629629629806e-04
4.686035613870665525e-04
4.719207173194903408e-04
4.758128469468675555e-04
4.796163069544364613e-04
4.837149306675266026e-04
4.878445402065208734e-04
4.928941099153864858e-04
4.982561036372695372e-04
5.047530916126861163e-04
5.102908657935022619e-04
5.148888698189307703e-04
5.196154845414393793e-04
5.246130978403427611e-04
5.287275290800140613e-04
5.340453938584779773e-04
5.411743483358888397e-04
5.475951446563840979e-04
5.522827687776141279e-04
5.607476635514018707e-04
5.666257436962886512e-04
5.712109672505712513e-04
5.769230769230769768e-04
5.821851348728895870e-04
5.872565332289321222e-04
5.930611841454976572e-04
5.979669124975084491e-04
6.060606060606060601e-04
6.096941367747179966e-04
6.163328197226502526e-04
6.235709831635834720e-04
6.299212598425196546e-04
6.377551020408162756e-04
6.452306699645123621e-04
6.519613169618602424e-04
6.604292790313704125e-04
6.666666666666666444e-04
6.762087230925278858e-04
6.845407872219052593e-04
6.902105142068330583e-04
6.980802792321117280e-04
7.062146892655367207e-04
7.117437722419929329e-04
7.210671794255497620e-04
7.286859363614282478e-04
7.387343018960847423e-04
7.486897928624905874e-04
7.557626905151782317e-04
7.654037504783773628e-04
7.712082262210797441e-04
7.820646506777893846e-04
7.906179997364606860e-04
8.018174528932246834e-04
4.053506282934738478e-04
4.098360655737704914e-04
4.139072847682119202e-04
4.199328107502799307e-04
4.241481690937367395e-04
4.297378599054576804e-04
4.347196058542240177e-04
4.378283712784588472e-04
4.458977407847800382e-04
4.497751124437781071e-04
4.566210045662100312e-04
4.611128189363664326e-04
4.685303763860690558e-04
4.773269689737470278e-04
4.837149306675266026e-04
4.920452681646711153e-04
4.994173464291659995e-04
5.089058524173027936e-04
5.155525004296270582e-04
5.225570458108343922e-04
5.330490405117270687e-04
5.410279531109107474e-04
5.483458234326448735e-04
5.575171901133617889e-04
5.648653737525889977e-04
5.769230769230769768e-04
0.000000000000000000e+00
0.000000000000000000e+00
0.000000000000000000e+00
0.000000000000000000e+00
0.000000000000000000e+00
0.000000000000000000e+00
0.000000000000000000e+00
0.000000000000000000e+00
0.000000000000000000e+00
0.000000000000000000e+00
0.000000000000000000e+00
0.000000000000000000e+00
0.000000000000000000e+00
0.000000000000000000e+00
0.000000000000000000e+00
0.000000000000000000e+00
0.000000000000000000e+00
0.000000000000000000e+00
0.000000000000000000e+00
0.000000000000000000e+00
0.000000000000000000e+00
0.000000000000000000e+00
0.000000000000000000e+00
0.000000000000000000e+00
0.000000000000000000e+00
0.000000000000000000e+00
0.000000000000000000e+00
0.000000000000000000e+00
0.000000000000000000e+00
0.000000000000000000e+00
0.000000000000000000e+00
0.000000000000000000e+00
0.000000000000000000e+00
0.000000000000000000e+00
0.000000000000000000e+00
0.000000000000000000e+00
0.000000000000000000e+00
0.000000000000000000e+00
0.000000000000000000e+00
0.000000000000000000e+00
0.000000000000000000e+00
0.000000000000000000e+00
0.000000000000000000e+00
0.000000000000000000e+00
0.000000000000000000e+00
0.000000000000000000e+00
0.000000000000000000e+00
