9.963000000000000000e+03
9.953000000000000000e+03
9.943000000000000000e+03
9.933000000000000000e+03
9.923000000000000000e+03
9.913000000000000000e+03
9.902000000000000000e+03
9.892000000000000000e+03
9.882000000000000000e+03
9.871000000000000000e+03
9.861000000000000000e+03
9.851000000000000000e+03
9.841000000000000000e+03
9.831000000000000000e+03
9.821000000000000000e+03
9.811000000000000000e+03
9.801000000000000000e+03
9.791000000000000000e+03
9.781000000000000000e+03
9.770000000000000000e+03
9.760000000000000000e+03
9.750000000000000000e+03
9.740000000000000000e+03
9.730000000000000000e+03
9.720000000000000000e+03
9.710000000000000000e+03
9.700000000000000000e+03
9.690000000000000000e+03
9.680000000000000000e+03
9.669000000000000000e+03
9.659000000000000000e+03
9.649000000000000000e+03
9.639000000000000000e+03
9.629000000000000000e+03
9.619000000000000000e+03
9.609000000000000000e+03
9.599000000000000000e+03
9.589000000000000000e+03
9.579000000000000000e+03
9.569000000000000000e+03
9.559000000000000000e+03
9.549000000000000000e+03
9.539000000000000000e+03
9.529000000000000000e+03
9.519000000000000000e+03
9.509000000000000000e+03
9.499000000000000000e+03
9.489000000000000000e+03
9.479000000000000000e+03
9.469000000000000000e+03
9.459000000000000000e+03
9.449000000000000000e+03
9.438000000000000000e+03
9.428000000000000000e+03
9.418000000000000000e+03
9.408000000000000000e+03
9.398000000000000000e+03
9.388000000000000000e+03
9.378000000000000000e+03
9.368000000000000000e+03
9.357000000000000000e+03
9.346000000000000000e+03
9.336000000000000000e+03
9.326000000000000000e+03
9.316000000000000000e+03
9.306000000000000000e+03
9.296000000000000000e+03
9.285000000000000000e+03
9.275000000000000000e+03
9.265000000000000000e+03
9.255000000000000000e+03
9.245000000000000000e+03
9.235000000000000000e+03
9.225000000000000000e+03
9.215000000000000000e+03
9.205000000000000000e+03
9.195000000000000000e+03
9.185000000000000000e+03
9.174000000000000000e+03
9.164000000000000000e+03
9.154000000000000000e+03
9.144000000000000000e+03
9.134000000000000000e+03
9.124000000000000000e+03
9.114000000000000000e+03
9.104000000000000000e+03
9.094000000000000000e+03
9.084000000000000000e+03
9.074000000000000000e+03
9.064000000000000000e+03
9.054000000000000000e+03
9.044000000000000000e+03
9.034000000000000000e+03
9.024000000000000000e+03
9.014000000000000000e+03
9.004000000000000000e+03
8.994000000000000000e+03
8.984000000000000000e+03
8.974000000000000000e+03
8.964000000000000000e+03
8.954000000000000000e+03
8.944000000000000000e+03
8.934000000000000000e+03
8.924000000000000000e+03
8.914000000000000000e+03
8.904000000000000000e+03
8.894000000000000000e+03
8.884000000000000000e+03
8.874000000000000000e+03
8.864000000000000000e+03
8.853000000000000000e+03
8.843000000000000000e+03
8.833000000000000000e+03
8.823000000000000000e+03
8.813000000000000000e+03
8.803000000000000000e+03
8.793000000000000000e+03
8.783000000000000000e+03
8.773000000000000000e+03
8.761000000000000000e+03
8.751000000000000000e+03
8.741000000000000000e+03
8.731000000000000000e+03
8.721000000000000000e+03
8.711000000000000000e+03
8.701000000000000000e+03
8.691000000000000000e+03
8.681000000000000000e+03
8.670000000000000000e+03
8.660000000000000000e+03
8.650000000000000000e+03
8.640000000000000000e+03
8.630000000000000000e+03
8.620000000000000000e+03
8.610000000000000000e+03
8.600000000000000000e+03
8.590000000000000000e+03
8.580000000000000000e+03
8.570000000000000000e+03
8.560000000000000000e+03
8.550000000000000000e+03
8.539000000000000000e+03
8.529000000000000000e+03
8.519000000000000000e+03
8.509000000000000000e+03
8.499000000000000000e+03
8.489000000000000000e+03
8.479000000000000000e+03
8.469000000000000000e+03
8.459000000000000000e+03
8.448000000000000000e+03
8.438000000000000000e+03
8.427000000000000000e+03
8.417000000000000000e+03
8.407000000000000000e+03
8.397000000000000000e+03
8.387000000000000000e+03
8.377000000000000000e+03
8.367000000000000000e+03
8.357000000000000000e+03
8.343000000000000000e+03
8.333000000000000000e+03
8.323000000000000000e+03
8.313000000000000000e+03
8.303000000000000000e+03
8.293000000000000000e+03
8.283000000000000000e+03
8.273000000000000000e+03
8.263000000000000000e+03
8.253000000000000000e+03
8.243000000000000000e+03
8.233000000000000000e+03
8.223000000000000000e+03
8.212000000000000000e+03
8.202000000000000000e+03
8.192000000000000000e+03
8.180000000000000000e+03
8.170000000000000000e+03
8.160000000000000000e+03
8.150000000000000000e+03
8.140000000000000000e+03
8.130000000000000000e+03
8.120000000000000000e+03
8.110000000000000000e+03
8.100000000000000000e+03
8.089000000000000000e+03
8.079000000000000000e+03
8.069000000000000000e+03
8.059000000000000000e+03
8.049000000000000000e+03
8.039000000000000000e+03
8.029000000000000000e+03
8.019000000000000000e+03
8.009000000000000000e+03
7.997000000000000000e+03
7.987000000000000000e+03
7.977000000000000000e+03
7.967000000000000000e+03
7.957000000000000000e+03
7.945000000000000000e+03
7.935000000000000000e+03
7.925000000000000000e+03
7.915000000000000000e+03
7.905000000000000000e+03
7.894000000000000000e+03
7.884000000000000000e+03
7.874000000000000000e+03
7.864000000000000000e+03
7.854000000000000000e+03
7.844000000000000000e+03
7.834000000000000000e+03
7.824000000000000000e+03
7.814000000000000000e+03
7.804000000000000000e+03
7.794000000000000000e+03
7.783000000000000000e+03
7.773000000000000000e+03
7.763000000000000000e+03
7.753000000000000000e+03
7.742000000000000000e+03
7.732000000000000000e+03
7.721000000000000000e+03
7.711000000000000000e+03
7.701000000000000000e+03
7.690000000000000000e+03
7.678000000000000000e+03
7.668000000000000000e+03
7.658000000000000000e+03
7.647000000000000000e+03
7.634000000000000000e+03
7.624000000000000000e+03
7.614000000000000000e+03
7.604000000000000000e+03
7.593000000000000000e+03
7.583000000000000000e+03
7.573000000000000000e+03
7.563000000000000000e+03
7.553000000000000000e+03
7.541000000000000000e+03
7.531000000000000000e+03
7.521000000000000000e+03
7.510000000000000000e+03
7.499000000000000000e+03
7.489000000000000000e+03
7.479000000000000000e+03
7.469000000000000000e+03
7.459000000000000000e+03
7.449000000000000000e+03
7.439000000000000000e+03
7.429000000000000000e+03
7.419000000000000000e+03
7.408000000000000000e+03
7.397000000000000000e+03
7.386000000000000000e+03
7.376000000000000000e+03
7.366000000000000000e+03
7.356000000000000000e+03
7.346000000000000000e+03
7.335000000000000000e+03
7.325000000000000000e+03
7.315000000000000000e+03
7.304000000000000000e+03
7.294000000000000000e+03
7.284000000000000000e+03
7.274000000000000000e+03
7.263000000000000000e+03
7.253000000000000000e+03
7.243000000000000000e+03
7.233000000000000000e+03
7.222000000000000000e+03
7.211000000000000000e+03
7.201000000000000000e+03
7.191000000000000000e+03
7.181000000000000000e+03
7.171000000000000000e+03
7.161000000000000000e+03
7.151000000000000000e+03
7.140000000000000000e+03
7.130000000000000000e+03
7.120000000000000000e+03
7.110000000000000000e+03
7.100000000000000000e+03
7.089000000000000000e+03
7.078000000000000000e+03
7.068000000000000000e+03
7.057000000000000000e+03
7.047000000000000000e+03
7.036000000000000000e+03
7.026000000000000000e+03
7.016000000000000000e+03
7.006000000000000000e+03
6.996000000000000000e+03
6.986000000000000000e+03
6.976000000000000000e+03
6.965000000000000000e+03
6.955000000000000000e+03
6.945000000000000000e+03
6.935000000000000000e+03
6.925000000000000000e+03
6.915000000000000000e+03
6.905000000000000000e+03
6.895000000000000000e+03
6.885000000000000000e+03
6.875000000000000000e+03
6.865000000000000000e+03
6.855000000000000000e+03
6.845000000000000000e+03
6.835000000000000000e+03
6.824000000000000000e+03
6.814000000000000000e+03
6.804000000000000000e+03
6.792000000000000000e+03
6.782000000000000000e+03
6.772000000000000000e+03
6.761000000000000000e+03
6.749000000000000000e+03
6.739000000000000000e+03
6.729000000000000000e+03
6.719000000000000000e+03
6.708000000000000000e+03
6.695000000000000000e+03
6.684000000000000000e+03
6.674000000000000000e+03
6.664000000000000000e+03
6.652000000000000000e+03
6.642000000000000000e+03
6.632000000000000000e+03
6.622000000000000000e+03
6.611000000000000000e+03
6.601000000000000000e+03
6.591000000000000000e+03
6.581000000000000000e+03
6.568000000000000000e+03
6.557000000000000000e+03
6.545000000000000000e+03
6.535000000000000000e+03
6.525000000000000000e+03
6.514000000000000000e+03
6.503000000000000000e+03
6.492000000000000000e+03
6.482000000000000000e+03
6.471000000000000000e+03
