1.000000000000000000e+04
9.990000000000000000e+03
9.980000000000000000e+03
9.970000000000000000e+03
9.960000000000000000e+03
9.950000000000000000e+03
9.940000000000000000e+03
9.930000000000000000e+03
9.920000000000000000e+03
9.910000000000000000e+03
9.900000000000000000e+03
9.890000000000000000e+03
9.880000000000000000e+03
9.870000000000000000e+03
9.860000000000000000e+03
9.850000000000000000e+03
9.840000000000000000e+03
9.830000000000000000e+03
9.820000000000000000e+03
9.810000000000000000e+03
9.800000000000000000e+03
9.790000000000000000e+03
9.780000000000000000e+03
9.770000000000000000e+03
9.760000000000000000e+03
9.750000000000000000e+03
9.740000000000000000e+03
9.730000000000000000e+03
9.720000000000000000e+03
9.710000000000000000e+03
9.700000000000000000e+03
9.690000000000000000e+03
9.680000000000000000e+03
9.670000000000000000e+03
9.660000000000000000e+03
9.650000000000000000e+03
9.639000000000000000e+03
9.629000000000000000e+03
9.616000000000000000e+03
9.606000000000000000e+03
9.596000000000000000e+03
9.585000000000000000e+03
