2.811040610805136831e-03
2.766400398271141349e-03
2.713082962822817041e-03
2.665849722949521945e-03
2.607051453455059512e-03
2.555312344729284736e-03
2.509289381581584523e-03
2.456664743666683252e-03
2.388823343885430103e-03
2.329315541091590575e-03
2.281696119740896610e-03
2.221485018305036346e-03
2.168572773290809112e-03
2.118631388062649449e-03
2.070613539645628325e-03
2.020976200080677569e-03
1.957768144315480494e-03
1.905258186910713421e-03
1.849360096830282704e-03
1.781935627575453743e-03
1.722729666192622218e-03
1.668690900530606265e-03
1.612320818252815317e-03
1.553520361684903889e-03
1.499712820949179997e-03
1.432221103971510453e-03
1.364608130031992562e-03
1.297019693300696750e-03
1.226131094948252048e-03
1.168542309862895387e-03
1.110632860013425777e-03
1.038482287358388680e-03
9.481345396090593665e-04
8.894077739295505906e-04
7.987649505676602682e-04
6.957032044941480588e-04
6.200238877420316151e-04
5.428297568513917697e-04
4.561054575634996200e-04
1.868740780170961336e-04
8.828748760296527807e-05
1.009822203970620879e-05
