1.462853462912007407e-01
1.460830630376533656e-01
1.457653091294866532e-01
1.456116196205186897e-01
1.455093865554185906e-01
1.453512194252934986e-01
1.452880048566224935e-01
1.449667556766250365e-01
1.446578199733880021e-01
1.445800499711704656e-01
1.443190305249716920e-01
1.441849509901617921e-01
1.440781218744885406e-01
1.438014717966510370e-01
1.435440859690125803e-01
1.433099388725379286e-01
1.429177268871925366e-01
1.427144601043169592e-01
1.425346083901376792e-01
1.424610632477996408e-01
1.422875483622158821e-01
1.418910058262612683e-01
1.418518240504428873e-01
1.414463144801070549e-01
1.413832199546485313e-01
1.413498513004110557e-01
1.411509779447636947e-01
1.410483763323989725e-01
1.406839976744334586e-01
1.407013270081415579e-01
1.404776445630162851e-01
1.403010691633168050e-01
1.401250388319353890e-01
1.397635878561274414e-01
1.396390230548114064e-01
1.394896957801766424e-01
1.391297493299700483e-01
1.390269956611761004e-01
1.388005527163097552e-01
1.385607301816831061e-01
1.383808016176020783e-01
1.381413036226566138e-01
1.378823371929589758e-01
1.376475802877060173e-01
1.374465732738279766e-01
1.370882040382571665e-01
1.369411380831639657e-01
1.368324828771795842e-01
1.367374703465437935e-01
1.365731531655120512e-01
1.362555894694051917e-01
1.361224348787397342e-01
1.359495882206139261e-01
1.357489670140096527e-01
1.353784943984923106e-01
1.351897990034152675e-01
1.350101083843432415e-01
1.347516230676507332e-01
1.345709133340405317e-01
1.340870195073108062e-01
1.338166730826810258e-01
1.334044289211125389e-01
1.332773073027775923e-01
1.330767234668281396e-01
1.329299238727308097e-01
1.327404766046269002e-01
1.325900552004014576e-01
1.325371565392589046e-01
1.322439464250368402e-01
1.319642265650877722e-01
1.319012068812889238e-01
1.316703575052400044e-01
1.315198643987153526e-01
1.313547001856366359e-01
1.311037240016171834e-01
1.309626603996005556e-01
1.304761042722664688e-01
1.304367582796252811e-01
1.300994211210929341e-01
1.296337368932261591e-01
1.292422486124651659e-01
1.286104425106461835e-01
1.283395136754584831e-01
1.280574643766002330e-01
1.277193639791115443e-01
1.273338663405916282e-01
1.266249095086714183e-01
1.263524231160775557e-01
1.260695949800342275e-01
1.258886397251777201e-01
1.255965396708856596e-01
1.252723486062159441e-01
1.248411229989542237e-01
1.245337854201985922e-01
1.239908803985363267e-01
1.237725340759196768e-01
1.235825720653425108e-01
1.233391765920149458e-01
1.233271719038817049e-01
1.229721147739737952e-01
1.227752265111083513e-01
1.224896430913815643e-01
1.223403812363115517e-01
1.220603955104222343e-01
1.218552601776741323e-01
1.215229529319623025e-01
1.212748169604026399e-01
1.210590120296035077e-01
1.207616843502454657e-01
1.203888974398440309e-01
1.203493764815005695e-01
1.199607109931675047e-01
1.198828388256233946e-01
1.198179453836150793e-01
1.191717069599623480e-01
1.189552082240637743e-01
1.188024961162747889e-01
1.181950509461426463e-01
1.177601389061143505e-01
1.174445600832599440e-01
1.170655984869436450e-01
1.167741935483870980e-01
1.163474507688157522e-01
1.161622084893319529e-01
1.159453137749088814e-01
1.156411144111805511e-01
1.155004655068548186e-01
1.154268661088632131e-01
1.150326196820729563e-01
1.145327697901478425e-01
1.140736209964412773e-01
1.138474410821363886e-01
1.137500466609429189e-01
1.134130593453483854e-01
1.131081499845057320e-01
1.129900294584183090e-01
1.127340930404387709e-01
1.125481066185204521e-01
1.124116418166728609e-01
1.123503912843332869e-01
1.119206891573222978e-01
1.115783978188990139e-01
1.111672905829160368e-01
1.108822955299629126e-01
1.107510670791400781e-01
1.103047609669637191e-01
1.098813056379821934e-01
1.095973387617298067e-01
1.091790136997228128e-01
1.087504501260352918e-01
1.084213806761633869e-01
1.081923554156704881e-01
1.079285547655513128e-01
1.073994435895606753e-01
1.072469996009699500e-01
1.069689060605437808e-01
1.066090587724557032e-01
1.063193319207279136e-01
1.061116382861135160e-01
1.057510999371464450e-01
1.054408887205705997e-01
1.052353866123534459e-01
1.050925042914361979e-01
1.046945611143601518e-01
1.043835528497908255e-01
1.039998280106203404e-01
1.037465844412523847e-01
1.033809508314080250e-01
1.029025472222525051e-01
1.028006697967626532e-01
1.022202174008713660e-01
1.019851609769023559e-01
1.016954790920482077e-01
1.013563172312420685e-01
1.010079563740389763e-01
1.003796387815616836e-01
1.000236942761398573e-01
9.977683881418715484e-02
9.953075113903628313e-02
9.910897875257025647e-02
9.891962565372970639e-02
9.820584369162650706e-02
9.778909596018058037e-02
9.729748587110728653e-02
9.707808505422410583e-02
9.638879751891359093e-02
9.587438860140355679e-02
9.571854190653672489e-02
9.527786394330572950e-02
9.486791909594760597e-02
9.449359917066467440e-02
9.406222372930618525e-02
9.339629530462721652e-02
9.293562042723958749e-02
9.258280587476187817e-02
9.228376393329300320e-02
9.186101266450222291e-02
9.139918822679847510e-02
9.092046648981430557e-02
9.042573249368376920e-02
8.995905782450465404e-02
8.938164361641330602e-02
8.882623837528225152e-02
8.834506906768248291e-02
8.784767401414529664e-02
8.745596767509324077e-02
8.701652064103732043e-02
8.644480519480519931e-02
8.599165997974191067e-02
8.529038400507775453e-02
8.468851805066152094e-02
8.434169404599727027e-02
8.370239149689991109e-02
8.329628581821120481e-02
8.297268055179875257e-02
8.261288527571558626e-02
8.201444743346396338e-02
8.143791387323653930e-02
8.086765982663340901e-02
8.024794076046259939e-02
7.993251816014389222e-02
7.907042055746682507e-02
7.868020304568527912e-02
7.829337713646468411e-02
7.784831748562318077e-02
7.752071082113576317e-02
7.693858449132406907e-02
7.639079894034365992e-02
7.605928813510014208e-02
7.569068849583394931e-02
7.528634361233479955e-02
7.458832556217906418e-02
7.414271100502586864e-02
7.385508973117879683e-02
7.331198371842451156e-02
7.290976945765365036e-02
7.250933385733936143e-02
7.187348079727759464e-02
7.148090484476600504e-02
7.086469052372906807e-02
7.036168374274780202e-02
6.968733028163549836e-02
6.915873263617917932e-02
6.865053206516620599e-02
6.800315706393054993e-02
6.747824432925959848e-02
6.680152270519089386e-02
6.635382299240846771e-02
6.584600531016171487e-02
6.530176596157577507e-02
6.480050747385371346e-02
6.426609105180533521e-02
6.375739644970414288e-02
6.297520661157024469e-02
6.253938770771833022e-02
6.197314497051277515e-02
6.143156132272917236e-02
6.089166400188498335e-02
6.026649488031463747e-02
5.988442459471898793e-02
5.916246527420516294e-02
5.861961920529801251e-02
5.793957903139044380e-02
5.729784413591013786e-02
5.694904559078719369e-02
5.645502645502645245e-02
5.595843897941452788e-02
5.543268887779125020e-02
5.488395451447429518e-02
5.440288418206399440e-02
5.386717830832443710e-02
5.333066467730489951e-02
5.273833671399594247e-02
5.200463243809629044e-02
5.178442582005883532e-02
5.102383350117489086e-02
5.032236299572681593e-02
4.992076069730586041e-02
4.913557779799818115e-02
4.838156239277136006e-02
4.752862650325104937e-02
4.670748903784117945e-02
4.607051331831948232e-02
4.509164730914130836e-02
4.413586924453710703e-02
4.341112892689589359e-02
4.256167058542222742e-02
4.182631547272763761e-02
4.123524069028156047e-02
4.056770420905159158e-02
3.944145026947575017e-02
3.858401988782281938e-02
3.791184926265279281e-02
3.699698450660288823e-02
3.617328067205817510e-02
3.540569020021074736e-02
3.478316164313875053e-02
3.407635152446835541e-02
3.356237921408632141e-02
3.271311120726957955e-02
3.208101927474681786e-02
3.124794421419643461e-02
3.054261169143791116e-02
2.992734786376058040e-02
2.923885101151223881e-02
2.856049693914295903e-02
2.789495169410804304e-02
2.722236155126422225e-02
2.643992912534229300e-02
2.541723729718437311e-02
2.468500899974286622e-02
2.400282386163078013e-02
2.336758369240967900e-02
2.249036127373982633e-02
2.179803841634493297e-02
2.117885982302596462e-02
2.017543859649122834e-02
1.942557209781462305e-02
1.851257621010539769e-02
1.780349117274600962e-02
1.695593457710198662e-02
1.637118068653338476e-02
1.559172497718284110e-02
1.472242102034556840e-02
1.391429822979205894e-02
1.302957010220800495e-02
1.217500589113188272e-02
1.140383295496541841e-02
1.070515551768214807e-02
9.894618292977233609e-03
9.145354483651666963e-03
8.314991440449987989e-03
7.557295802415048801e-03
6.718089076884797145e-03
5.934635423922431617e-03
4.973446851555255420e-03
3.911897270176035307e-03
2.918454935622317482e-03
1.821546290406522890e-03
9.632786502422792125e-04
4.411764705882353097e-04
0.000000000000000000e+00
