9.789000000000000000e+03
9.779000000000000000e+03
9.769000000000000000e+03
9.758000000000000000e+03
9.746000000000000000e+03
9.734000000000000000e+03
9.723000000000000000e+03
9.713000000000000000e+03
9.698000000000000000e+03
9.687000000000000000e+03
9.673000000000000000e+03
9.662000000000000000e+03
9.652000000000000000e+03
9.640000000000000000e+03
9.628000000000000000e+03
9.615000000000000000e+03
9.604000000000000000e+03
9.592000000000000000e+03
9.581000000000000000e+03
9.570000000000000000e+03
9.558000000000000000e+03
9.547000000000000000e+03
9.537000000000000000e+03
9.525000000000000000e+03
9.515000000000000000e+03
9.505000000000000000e+03
9.495000000000000000e+03
9.484000000000000000e+03
9.472000000000000000e+03
9.462000000000000000e+03
9.451000000000000000e+03
9.439000000000000000e+03
9.429000000000000000e+03
9.418000000000000000e+03
9.406000000000000000e+03
9.396000000000000000e+03
9.385000000000000000e+03
9.375000000000000000e+03
9.364000000000000000e+03
9.354000000000000000e+03
9.344000000000000000e+03
9.332000000000000000e+03
9.318000000000000000e+03
9.308000000000000000e+03
9.295000000000000000e+03
9.283000000000000000e+03
9.270000000000000000e+03
9.259000000000000000e+03
9.247000000000000000e+03
9.230000000000000000e+03
9.218000000000000000e+03
9.206000000000000000e+03
9.193000000000000000e+03
9.181000000000000000e+03
9.171000000000000000e+03
9.158000000000000000e+03
9.148000000000000000e+03
9.138000000000000000e+03
9.127000000000000000e+03
9.115000000000000000e+03
9.104000000000000000e+03
9.093000000000000000e+03
9.083000000000000000e+03
9.073000000000000000e+03
9.059000000000000000e+03
9.046000000000000000e+03
9.036000000000000000e+03
9.025000000000000000e+03
9.014000000000000000e+03
9.004000000000000000e+03
8.993000000000000000e+03
8.983000000000000000e+03
8.973000000000000000e+03
8.961000000000000000e+03
8.950000000000000000e+03
8.936000000000000000e+03
8.925000000000000000e+03
8.914000000000000000e+03
8.901000000000000000e+03
8.890000000000000000e+03
8.878000000000000000e+03
8.865000000000000000e+03
8.852000000000000000e+03
8.838000000000000000e+03
8.826000000000000000e+03
8.813000000000000000e+03
8.801000000000000000e+03
8.790000000000000000e+03
8.779000000000000000e+03
8.768000000000000000e+03
8.757000000000000000e+03
8.745000000000000000e+03
8.732000000000000000e+03
8.720000000000000000e+03
8.706000000000000000e+03
8.695000000000000000e+03
8.681000000000000000e+03
8.671000000000000000e+03
8.661000000000000000e+03
8.650000000000000000e+03
8.638000000000000000e+03
8.624000000000000000e+03
8.612000000000000000e+03
8.599000000000000000e+03
8.586000000000000000e+03
8.576000000000000000e+03
8.566000000000000000e+03
8.555000000000000000e+03
8.542000000000000000e+03
8.529000000000000000e+03
8.517000000000000000e+03
8.504000000000000000e+03
8.494000000000000000e+03
8.484000000000000000e+03
8.469000000000000000e+03
8.457000000000000000e+03
8.445000000000000000e+03
8.434000000000000000e+03
8.423000000000000000e+03
8.412000000000000000e+03
8.399000000000000000e+03
8.386000000000000000e+03
8.376000000000000000e+03
8.363000000000000000e+03
8.353000000000000000e+03
8.341000000000000000e+03
8.331000000000000000e+03
8.319000000000000000e+03
8.306000000000000000e+03
8.295000000000000000e+03
8.282000000000000000e+03
8.272000000000000000e+03
8.259000000000000000e+03
8.247000000000000000e+03
8.234000000000000000e+03
8.223000000000000000e+03
8.209000000000000000e+03
8.194000000000000000e+03
8.180000000000000000e+03
8.169000000000000000e+03
8.158000000000000000e+03
8.142000000000000000e+03
8.128000000000000000e+03
8.112000000000000000e+03
8.101000000000000000e+03
8.088000000000000000e+03
8.072000000000000000e+03
8.061000000000000000e+03
8.049000000000000000e+03
8.036000000000000000e+03
8.025000000000000000e+03
8.012000000000000000e+03
7.997000000000000000e+03
7.983000000000000000e+03
7.966000000000000000e+03
7.954000000000000000e+03
7.940000000000000000e+03
7.929000000000000000e+03
7.918000000000000000e+03
7.907000000000000000e+03
7.896000000000000000e+03
7.885000000000000000e+03
7.871000000000000000e+03
7.859000000000000000e+03
7.846000000000000000e+03
7.835000000000000000e+03
7.823000000000000000e+03
7.812000000000000000e+03
7.796000000000000000e+03
7.785000000000000000e+03
7.770000000000000000e+03
7.759000000000000000e+03
7.747000000000000000e+03
7.735000000000000000e+03
7.723000000000000000e+03
7.707000000000000000e+03
7.689000000000000000e+03
7.678000000000000000e+03
7.667000000000000000e+03
7.656000000000000000e+03
7.645000000000000000e+03
7.630000000000000000e+03
7.617000000000000000e+03
7.606000000000000000e+03
7.592000000000000000e+03
7.579000000000000000e+03
7.567000000000000000e+03
7.553000000000000000e+03
7.542000000000000000e+03
7.530000000000000000e+03
7.517000000000000000e+03
7.505000000000000000e+03
7.490000000000000000e+03
7.475000000000000000e+03
7.454000000000000000e+03
7.440000000000000000e+03
7.429000000000000000e+03
7.417000000000000000e+03
7.401000000000000000e+03
7.386000000000000000e+03
7.376000000000000000e+03
7.362000000000000000e+03
7.351000000000000000e+03
7.340000000000000000e+03
7.328000000000000000e+03
7.317000000000000000e+03
7.305000000000000000e+03
7.293000000000000000e+03
7.279000000000000000e+03
7.268000000000000000e+03
7.253000000000000000e+03
7.241000000000000000e+03
7.228000000000000000e+03
7.216000000000000000e+03
7.199000000000000000e+03
7.184000000000000000e+03
7.174000000000000000e+03
7.161000000000000000e+03
7.148000000000000000e+03
7.129000000000000000e+03
7.114000000000000000e+03
7.099000000000000000e+03
7.086000000000000000e+03
7.073000000000000000e+03
7.055000000000000000e+03
7.039000000000000000e+03
7.023000000000000000e+03
7.005000000000000000e+03
6.988000000000000000e+03
6.975000000000000000e+03
6.965000000000000000e+03
6.946000000000000000e+03
6.930000000000000000e+03
6.912000000000000000e+03
6.899000000000000000e+03
6.884000000000000000e+03
6.869000000000000000e+03
6.852000000000000000e+03
6.829000000000000000e+03
6.819000000000000000e+03
6.800000000000000000e+03
6.788000000000000000e+03
6.777000000000000000e+03
6.761000000000000000e+03
6.739000000000000000e+03
6.725000000000000000e+03
6.708000000000000000e+03
6.697000000000000000e+03
6.683000000000000000e+03
6.668000000000000000e+03
6.655000000000000000e+03
6.637000000000000000e+03
6.622000000000000000e+03
6.606000000000000000e+03
6.589000000000000000e+03
6.572000000000000000e+03
6.555000000000000000e+03
6.543000000000000000e+03
6.526000000000000000e+03
6.508000000000000000e+03
6.487000000000000000e+03
6.471000000000000000e+03
6.460000000000000000e+03
6.441000000000000000e+03
6.425000000000000000e+03
6.410000000000000000e+03
6.394000000000000000e+03
6.375000000000000000e+03
6.357000000000000000e+03
6.338000000000000000e+03
6.317000000000000000e+03
6.307000000000000000e+03
6.285000000000000000e+03
6.268000000000000000e+03
6.251000000000000000e+03
6.236000000000000000e+03
6.220000000000000000e+03
6.203000000000000000e+03
6.188000000000000000e+03
6.175000000000000000e+03
6.158000000000000000e+03
6.146000000000000000e+03
6.131000000000000000e+03
6.119000000000000000e+03
6.102000000000000000e+03
6.086000000000000000e+03
6.070000000000000000e+03
6.053000000000000000e+03
6.039000000000000000e+03
6.023000000000000000e+03
6.008000000000000000e+03
5.995000000000000000e+03
5.973000000000000000e+03
5.957000000000000000e+03
5.941000000000000000e+03
5.928000000000000000e+03
5.911000000000000000e+03
5.897000000000000000e+03
5.883000000000000000e+03
5.871000000000000000e+03
5.855000000000000000e+03
5.840000000000000000e+03
5.827000000000000000e+03
5.813000000000000000e+03
5.794000000000000000e+03
5.777000000000000000e+03
5.760000000000000000e+03
5.744000000000000000e+03
5.730000000000000000e+03
5.713000000000000000e+03
5.699000000000000000e+03
5.682000000000000000e+03
5.670000000000000000e+03
5.642000000000000000e+03
5.627000000000000000e+03
5.614000000000000000e+03
5.597000000000000000e+03
5.575000000000000000e+03
5.552000000000000000e+03
5.534000000000000000e+03
5.520000000000000000e+03
5.503000000000000000e+03
5.483000000000000000e+03
5.466000000000000000e+03
5.436000000000000000e+03
5.420000000000000000e+03
5.409000000000000000e+03
5.380000000000000000e+03
5.366000000000000000e+03
5.351000000000000000e+03
5.335000000000000000e+03
5.321000000000000000e+03
5.302000000000000000e+03
5.290000000000000000e+03
5.276000000000000000e+03
5.254000000000000000e+03
5.234000000000000000e+03
5.207000000000000000e+03
5.187000000000000000e+03
5.169000000000000000e+03
5.154000000000000000e+03
5.135000000000000000e+03
5.114000000000000000e+03
5.102000000000000000e+03
5.082000000000000000e+03
5.071000000000000000e+03
5.057000000000000000e+03
5.037000000000000000e+03
5.020000000000000000e+03
4.978000000000000000e+03
4.960000000000000000e+03
4.945000000000000000e+03
4.925000000000000000e+03
4.902000000000000000e+03
4.887000000000000000e+03
4.865000000000000000e+03
4.831000000000000000e+03
4.809000000000000000e+03
4.793000000000000000e+03
4.757000000000000000e+03
4.735000000000000000e+03
4.713000000000000000e+03
4.690000000000000000e+03
4.665000000000000000e+03
4.643000000000000000e+03
4.615000000000000000e+03
4.596000000000000000e+03
4.585000000000000000e+03
4.572000000000000000e+03
4.549000000000000000e+03
4.517000000000000000e+03
4.501000000000000000e+03
4.470000000000000000e+03
4.432000000000000000e+03
4.393000000000000000e+03
4.378000000000000000e+03
4.353000000000000000e+03
4.334000000000000000e+03
4.311000000000000000e+03
4.286000000000000000e+03
4.243000000000000000e+03
4.219000000000000000e+03
4.191000000000000000e+03
4.153000000000000000e+03
4.101000000000000000e+03
4.047000000000000000e+03
4.020000000000000000e+03
3.993000000000000000e+03
3.962000000000000000e+03
3.938000000000000000e+03
3.916000000000000000e+03
3.885000000000000000e+03
3.866000000000000000e+03
3.842000000000000000e+03
3.811000000000000000e+03
3.788000000000000000e+03
3.744000000000000000e+03
3.683000000000000000e+03
3.664000000000000000e+03
3.609000000000000000e+03
3.582000000000000000e+03
3.554000000000000000e+03
3.521000000000000000e+03
3.492000000000000000e+03
3.446000000000000000e+03
3.421000000000000000e+03
3.395000000000000000e+03
3.356000000000000000e+03
3.294000000000000000e+03
3.273000000000000000e+03
3.215000000000000000e+03
3.174000000000000000e+03
3.122000000000000000e+03
3.080000000000000000e+03
3.029000000000000000e+03
3.009000000000000000e+03
2.965000000000000000e+03
2.924000000000000000e+03
2.870000000000000000e+03
2.849000000000000000e+03
2.818000000000000000e+03
2.765000000000000000e+03
2.730000000000000000e+03
2.676000000000000000e+03
2.626000000000000000e+03
2.599000000000000000e+03
2.533000000000000000e+03
2.476000000000000000e+03
2.453000000000000000e+03
2.392000000000000000e+03
2.334000000000000000e+03
2.269000000000000000e+03
2.191000000000000000e+03
2.068000000000000000e+03
2.028000000000000000e+03
1.998000000000000000e+03
1.894000000000000000e+03
1.859000000000000000e+03
1.796000000000000000e+03
1.703000000000000000e+03
1.571000000000000000e+03
1.512000000000000000e+03
1.255000000000000000e+03
1.124000000000000000e+03
1.096000000000000000e+03
1.011000000000000000e+03
6.830000000000000000e+02
6.450000000000000000e+02
4.100000000000000000e+02
2.440000000000000000e+02
1.470000000000000000e+02
5.000000000000000000e+01
