9.819000000000000000e+03
9.809000000000000000e+03
9.797000000000000000e+03
9.787000000000000000e+03
9.775000000000000000e+03
9.764000000000000000e+03
9.754000000000000000e+03
9.744000000000000000e+03
9.734000000000000000e+03
9.722000000000000000e+03
9.710000000000000000e+03
9.698000000000000000e+03
9.687000000000000000e+03
9.675000000000000000e+03
9.665000000000000000e+03
9.653000000000000000e+03
9.642000000000000000e+03
9.632000000000000000e+03
9.621000000000000000e+03
9.610000000000000000e+03
9.599000000000000000e+03
9.589000000000000000e+03
9.578000000000000000e+03
9.568000000000000000e+03
9.558000000000000000e+03
9.548000000000000000e+03
9.538000000000000000e+03
9.527000000000000000e+03
9.517000000000000000e+03
9.505000000000000000e+03
9.495000000000000000e+03
9.485000000000000000e+03
9.474000000000000000e+03
9.464000000000000000e+03
9.453000000000000000e+03
9.443000000000000000e+03
9.432000000000000000e+03
9.422000000000000000e+03
9.412000000000000000e+03
9.401000000000000000e+03
9.390000000000000000e+03
9.379000000000000000e+03
9.368000000000000000e+03
9.357000000000000000e+03
9.347000000000000000e+03
9.336000000000000000e+03
9.325000000000000000e+03
9.315000000000000000e+03
9.303000000000000000e+03
9.293000000000000000e+03
9.283000000000000000e+03
9.273000000000000000e+03
9.262000000000000000e+03
9.252000000000000000e+03
9.241000000000000000e+03
9.225000000000000000e+03
9.215000000000000000e+03
9.203000000000000000e+03
9.192000000000000000e+03
9.181000000000000000e+03
9.171000000000000000e+03
9.159000000000000000e+03
9.149000000000000000e+03
9.139000000000000000e+03
9.128000000000000000e+03
9.118000000000000000e+03
9.105000000000000000e+03
9.091000000000000000e+03
9.081000000000000000e+03
9.068000000000000000e+03
9.058000000000000000e+03
9.047000000000000000e+03
9.036000000000000000e+03
9.024000000000000000e+03
9.014000000000000000e+03
9.004000000000000000e+03
8.991000000000000000e+03
8.981000000000000000e+03
8.969000000000000000e+03
8.957000000000000000e+03
8.945000000000000000e+03
8.933000000000000000e+03
8.921000000000000000e+03
8.911000000000000000e+03
8.900000000000000000e+03
8.888000000000000000e+03
8.877000000000000000e+03
8.865000000000000000e+03
8.855000000000000000e+03
8.845000000000000000e+03
8.834000000000000000e+03
8.822000000000000000e+03
8.810000000000000000e+03
8.798000000000000000e+03
8.785000000000000000e+03
8.773000000000000000e+03
8.761000000000000000e+03
8.751000000000000000e+03
8.741000000000000000e+03
8.729000000000000000e+03
8.718000000000000000e+03
8.707000000000000000e+03
8.697000000000000000e+03
8.686000000000000000e+03
8.674000000000000000e+03
8.659000000000000000e+03
8.648000000000000000e+03
8.636000000000000000e+03
8.626000000000000000e+03
8.615000000000000000e+03
8.605000000000000000e+03
8.594000000000000000e+03
8.582000000000000000e+03
8.570000000000000000e+03
8.556000000000000000e+03
8.545000000000000000e+03
8.534000000000000000e+03
8.524000000000000000e+03
8.514000000000000000e+03
8.503000000000000000e+03
8.491000000000000000e+03
8.481000000000000000e+03
8.471000000000000000e+03
8.458000000000000000e+03
8.447000000000000000e+03
8.435000000000000000e+03
8.425000000000000000e+03
8.414000000000000000e+03
8.401000000000000000e+03
8.390000000000000000e+03
8.379000000000000000e+03
8.364000000000000000e+03
8.352000000000000000e+03
8.340000000000000000e+03
8.325000000000000000e+03
8.313000000000000000e+03
8.302000000000000000e+03
8.292000000000000000e+03
8.280000000000000000e+03
8.268000000000000000e+03
8.258000000000000000e+03
8.248000000000000000e+03
8.236000000000000000e+03
8.225000000000000000e+03
8.214000000000000000e+03
8.202000000000000000e+03
8.192000000000000000e+03
8.182000000000000000e+03
8.169000000000000000e+03
8.157000000000000000e+03
8.146000000000000000e+03
8.136000000000000000e+03
8.122000000000000000e+03
8.109000000000000000e+03
8.096000000000000000e+03
8.086000000000000000e+03
8.074000000000000000e+03
8.061000000000000000e+03
8.050000000000000000e+03
8.036000000000000000e+03
8.024000000000000000e+03
8.012000000000000000e+03
7.998000000000000000e+03
7.988000000000000000e+03
7.976000000000000000e+03
7.964000000000000000e+03
7.954000000000000000e+03
7.944000000000000000e+03
7.932000000000000000e+03
7.921000000000000000e+03
7.911000000000000000e+03
7.900000000000000000e+03
7.887000000000000000e+03
7.873000000000000000e+03
7.860000000000000000e+03
7.850000000000000000e+03
7.839000000000000000e+03
7.826000000000000000e+03
7.811000000000000000e+03
7.799000000000000000e+03
7.788000000000000000e+03
7.777000000000000000e+03
7.765000000000000000e+03
7.754000000000000000e+03
7.744000000000000000e+03
7.732000000000000000e+03
7.721000000000000000e+03
7.708000000000000000e+03
7.695000000000000000e+03
7.681000000000000000e+03
7.670000000000000000e+03
7.659000000000000000e+03
7.649000000000000000e+03
7.637000000000000000e+03
7.626000000000000000e+03
7.615000000000000000e+03
7.603000000000000000e+03
7.591000000000000000e+03
7.576000000000000000e+03
7.562000000000000000e+03
7.546000000000000000e+03
7.533000000000000000e+03
7.520000000000000000e+03
7.510000000000000000e+03
7.499000000000000000e+03
7.486000000000000000e+03
7.476000000000000000e+03
7.466000000000000000e+03
7.456000000000000000e+03
7.442000000000000000e+03
7.427000000000000000e+03
7.417000000000000000e+03
7.405000000000000000e+03
7.392000000000000000e+03
7.381000000000000000e+03
7.369000000000000000e+03
7.358000000000000000e+03
7.347000000000000000e+03
7.333000000000000000e+03
7.321000000000000000e+03
7.309000000000000000e+03
7.295000000000000000e+03
7.285000000000000000e+03
7.274000000000000000e+03
7.263000000000000000e+03
7.253000000000000000e+03
7.242000000000000000e+03
7.230000000000000000e+03
7.218000000000000000e+03
7.207000000000000000e+03
7.196000000000000000e+03
7.182000000000000000e+03
7.170000000000000000e+03
7.156000000000000000e+03
7.142000000000000000e+03
7.129000000000000000e+03
7.115000000000000000e+03
7.103000000000000000e+03
7.092000000000000000e+03
7.082000000000000000e+03
7.072000000000000000e+03
7.061000000000000000e+03
7.050000000000000000e+03
7.039000000000000000e+03
7.026000000000000000e+03
7.015000000000000000e+03
7.005000000000000000e+03
6.995000000000000000e+03
6.985000000000000000e+03
6.974000000000000000e+03
6.962000000000000000e+03
6.949000000000000000e+03
6.936000000000000000e+03
6.924000000000000000e+03
6.910000000000000000e+03
6.900000000000000000e+03
6.886000000000000000e+03
6.874000000000000000e+03
6.863000000000000000e+03
6.851000000000000000e+03
6.841000000000000000e+03
6.827000000000000000e+03
6.813000000000000000e+03
6.801000000000000000e+03
6.787000000000000000e+03
6.772000000000000000e+03
6.762000000000000000e+03
6.751000000000000000e+03
6.737000000000000000e+03
6.725000000000000000e+03
6.711000000000000000e+03
6.699000000000000000e+03
6.686000000000000000e+03
6.675000000000000000e+03
6.663000000000000000e+03
6.651000000000000000e+03
6.640000000000000000e+03
6.627000000000000000e+03
6.608000000000000000e+03
6.594000000000000000e+03
6.583000000000000000e+03
6.568000000000000000e+03
6.555000000000000000e+03
6.541000000000000000e+03
6.528000000000000000e+03
6.513000000000000000e+03
6.500000000000000000e+03
6.486000000000000000e+03
6.475000000000000000e+03
6.464000000000000000e+03
6.449000000000000000e+03
6.432000000000000000e+03
6.418000000000000000e+03
6.406000000000000000e+03
6.394000000000000000e+03
6.380000000000000000e+03
6.369000000000000000e+03
6.357000000000000000e+03
6.345000000000000000e+03
6.334000000000000000e+03
6.321000000000000000e+03
6.307000000000000000e+03
6.296000000000000000e+03
6.283000000000000000e+03
6.265000000000000000e+03
6.254000000000000000e+03
6.242000000000000000e+03
6.230000000000000000e+03
6.218000000000000000e+03
6.205000000000000000e+03
6.194000000000000000e+03
6.180000000000000000e+03
6.166000000000000000e+03
6.155000000000000000e+03
6.145000000000000000e+03
6.134000000000000000e+03
6.119000000000000000e+03
6.106000000000000000e+03
6.094000000000000000e+03
6.077000000000000000e+03
6.066000000000000000e+03
6.053000000000000000e+03
6.041000000000000000e+03
6.030000000000000000e+03
6.012000000000000000e+03
5.999000000000000000e+03
5.988000000000000000e+03
5.973000000000000000e+03
5.956000000000000000e+03
5.943000000000000000e+03
5.930000000000000000e+03
5.920000000000000000e+03
5.906000000000000000e+03
5.894000000000000000e+03
5.875000000000000000e+03
5.862000000000000000e+03
5.852000000000000000e+03
5.837000000000000000e+03
5.826000000000000000e+03
5.812000000000000000e+03
5.800000000000000000e+03
5.789000000000000000e+03
5.775000000000000000e+03
5.762000000000000000e+03
5.746000000000000000e+03
5.735000000000000000e+03
5.720000000000000000e+03
5.710000000000000000e+03
5.699000000000000000e+03
5.685000000000000000e+03
5.672000000000000000e+03
5.659000000000000000e+03
5.644000000000000000e+03
5.632000000000000000e+03
5.619000000000000000e+03
5.603000000000000000e+03
5.591000000000000000e+03
5.574000000000000000e+03
5.558000000000000000e+03
5.541000000000000000e+03
5.527000000000000000e+03
5.516000000000000000e+03
5.499000000000000000e+03
5.486000000000000000e+03
5.473000000000000000e+03
5.463000000000000000e+03
5.449000000000000000e+03
5.437000000000000000e+03
5.425000000000000000e+03
5.412000000000000000e+03
5.398000000000000000e+03
5.385000000000000000e+03
5.368000000000000000e+03
5.355000000000000000e+03
5.336000000000000000e+03
5.325000000000000000e+03
5.305000000000000000e+03
5.291000000000000000e+03
5.274000000000000000e+03
5.263000000000000000e+03
5.251000000000000000e+03
5.238000000000000000e+03
5.218000000000000000e+03
5.195000000000000000e+03
5.176000000000000000e+03
5.161000000000000000e+03
5.143000000000000000e+03
5.126000000000000000e+03
5.111000000000000000e+03
5.095000000000000000e+03
5.082000000000000000e+03
5.068000000000000000e+03
5.056000000000000000e+03
5.046000000000000000e+03
5.032000000000000000e+03
5.016000000000000000e+03
5.005000000000000000e+03
4.991000000000000000e+03
4.980000000000000000e+03
4.968000000000000000e+03
4.950000000000000000e+03
4.937000000000000000e+03
4.925000000000000000e+03
4.913000000000000000e+03
4.899000000000000000e+03
4.889000000000000000e+03
4.877000000000000000e+03
4.864000000000000000e+03
4.853000000000000000e+03
4.843000000000000000e+03
4.833000000000000000e+03
4.817000000000000000e+03
4.804000000000000000e+03
4.792000000000000000e+03
4.779000000000000000e+03
4.766000000000000000e+03
4.747000000000000000e+03
4.735000000000000000e+03
4.721000000000000000e+03
4.708000000000000000e+03
4.695000000000000000e+03
4.684000000000000000e+03
4.672000000000000000e+03
4.656000000000000000e+03
4.644000000000000000e+03
4.628000000000000000e+03
4.603000000000000000e+03
4.592000000000000000e+03
4.577000000000000000e+03
4.563000000000000000e+03
4.540000000000000000e+03
4.523000000000000000e+03
4.512000000000000000e+03
4.502000000000000000e+03
4.481000000000000000e+03
4.467000000000000000e+03
4.452000000000000000e+03
4.439000000000000000e+03
4.428000000000000000e+03
4.413000000000000000e+03
4.394000000000000000e+03
4.367000000000000000e+03
4.352000000000000000e+03
4.337000000000000000e+03
4.324000000000000000e+03
4.302000000000000000e+03
4.283000000000000000e+03
4.268000000000000000e+03
4.252000000000000000e+03
4.231000000000000000e+03
4.209000000000000000e+03
4.195000000000000000e+03
4.185000000000000000e+03
4.170000000000000000e+03
4.148000000000000000e+03
4.131000000000000000e+03
4.117000000000000000e+03
4.101000000000000000e+03
4.082000000000000000e+03
4.068000000000000000e+03
4.042000000000000000e+03
4.030000000000000000e+03
4.014000000000000000e+03
3.989000000000000000e+03
3.975000000000000000e+03
3.955000000000000000e+03
3.932000000000000000e+03
3.916000000000000000e+03
3.897000000000000000e+03
3.882000000000000000e+03
3.860000000000000000e+03
3.842000000000000000e+03
3.829000000000000000e+03
3.812000000000000000e+03
3.791000000000000000e+03
3.770000000000000000e+03
3.748000000000000000e+03
3.733000000000000000e+03
3.720000000000000000e+03
3.697000000000000000e+03
3.676000000000000000e+03
3.662000000000000000e+03
3.634000000000000000e+03
3.618000000000000000e+03
3.596000000000000000e+03
3.582000000000000000e+03
3.564000000000000000e+03
3.543000000000000000e+03
3.531000000000000000e+03
3.518000000000000000e+03
3.499000000000000000e+03
3.483000000000000000e+03
3.459000000000000000e+03
3.446000000000000000e+03
3.427000000000000000e+03
3.408000000000000000e+03
3.390000000000000000e+03
3.369000000000000000e+03
3.346000000000000000e+03
3.333000000000000000e+03
3.318000000000000000e+03
3.299000000000000000e+03
3.281000000000000000e+03
3.246000000000000000e+03
3.233000000000000000e+03
3.218000000000000000e+03
3.202000000000000000e+03
3.184000000000000000e+03
3.168000000000000000e+03
3.152000000000000000e+03
3.135000000000000000e+03
3.121000000000000000e+03
3.094000000000000000e+03
3.079000000000000000e+03
3.050000000000000000e+03
3.038000000000000000e+03
3.019000000000000000e+03
2.983000000000000000e+03
2.967000000000000000e+03
2.940000000000000000e+03
2.907000000000000000e+03
2.882000000000000000e+03
2.849000000000000000e+03
2.821000000000000000e+03
2.807000000000000000e+03
2.788000000000000000e+03
2.760000000000000000e+03
2.748000000000000000e+03
2.709000000000000000e+03
2.694000000000000000e+03
2.676000000000000000e+03
2.657000000000000000e+03
2.626000000000000000e+03
2.597000000000000000e+03
2.577000000000000000e+03
2.550000000000000000e+03
2.528000000000000000e+03
2.515000000000000000e+03
2.485000000000000000e+03
2.438000000000000000e+03
2.405000000000000000e+03
2.385000000000000000e+03
2.340000000000000000e+03
2.308000000000000000e+03
2.277000000000000000e+03
2.251000000000000000e+03
2.239000000000000000e+03
2.173000000000000000e+03
2.106000000000000000e+03
2.083000000000000000e+03
2.060000000000000000e+03
2.038000000000000000e+03
2.009000000000000000e+03
1.974000000000000000e+03
1.948000000000000000e+03
1.924000000000000000e+03
1.905000000000000000e+03
1.865000000000000000e+03
1.843000000000000000e+03
1.801000000000000000e+03
1.776000000000000000e+03
1.750000000000000000e+03
1.727000000000000000e+03
1.709000000000000000e+03
1.691000000000000000e+03
1.662000000000000000e+03
1.634000000000000000e+03
1.593000000000000000e+03
1.569000000000000000e+03
1.553000000000000000e+03
1.530000000000000000e+03
1.480000000000000000e+03
1.455000000000000000e+03
1.427000000000000000e+03
1.391000000000000000e+03
1.367000000000000000e+03
1.348000000000000000e+03
1.308000000000000000e+03
1.273000000000000000e+03
1.248000000000000000e+03
1.149000000000000000e+03
1.115000000000000000e+03
1.081000000000000000e+03
9.490000000000000000e+02
9.100000000000000000e+02
8.770000000000000000e+02
8.390000000000000000e+02
7.760000000000000000e+02
5.760000000000000000e+02
5.430000000000000000e+02
3.950000000000000000e+02
3.240000000000000000e+02
2.870000000000000000e+02
2.710000000000000000e+02
1.390000000000000000e+02
1.160000000000000000e+02
4.500000000000000000e+01
2.500000000000000000e+01
