1.851417568718448695e-04
1.856642447797403307e-04
1.863585538576220581e-04
1.867971756267045253e-04
1.871677771954780240e-04
1.877534671806939273e-04
1.881750780926574017e-04
1.886246746224362852e-04
1.891002609583601341e-04
1.518795089229211398e-04
1.523325928276737557e-04
1.528526118690053115e-04
1.530846558146655128e-04
1.534212948757287544e-04
1.540298047672224516e-04
1.546192500966370219e-04
1.550507791301651171e-04
1.555976245429319864e-04
1.560650791380005595e-04
1.564618754563471372e-04
1.571462245619549038e-04
1.576541068894844787e-04
1.581361024721944042e-04
1.585875138764074549e-04
1.589972572973116262e-04
1.593308105954989071e-04
1.598550647413012212e-04
1.604385319874323211e-04
1.610630159049728134e-04
1.614834950411109943e-04
1.620833108217623845e-04
1.624475429809124009e-04
1.628996131134188537e-04
1.634253963065860466e-04
1.639769885626050428e-04
1.643970737320875656e-04
1.648442222100115497e-04
1.653621430933744773e-04
1.658581083882738438e-04
1.662648599218555169e-04
1.668149466192170869e-04
1.672473867595818868e-04
1.675041876046901251e-04
1.681472970322002154e-04
1.685416930013061861e-04
1.690855290968014716e-04
1.694436599830556438e-04
1.699355660978545655e-04
1.703964557537203123e-04
1.710449420585258848e-04
1.714751146739829362e-04
1.720750820941537626e-04
1.727264876068745274e-04
1.732977110260668725e-04
1.739332096474953578e-04
1.745657676529632568e-04
1.751441290228417157e-04
1.758215996835211256e-04
1.764394518614362305e-04
1.769807091027078159e-04
1.776488178951575838e-04
1.336918254876038009e-04
1.341341639715635679e-04
1.345030113729768430e-04
1.348961299799154661e-04
1.353709163106913045e-04
1.358306041443426587e-04
1.362831054376959102e-04
1.370113262696382936e-04
1.373773144261444324e-04
1.378043178686265456e-04
1.383997908625382600e-04
1.387903648644480802e-04
1.391293593865941221e-04
1.396973224679860304e-04
1.403618215845290132e-04
1.410282526599495408e-04
1.415695342362323730e-04
1.420656343230572449e-04
1.424839705533127645e-04
1.428888959451306718e-04
1.432755985736118185e-04
1.437952355845276359e-04
1.443973815941470889e-04
1.447503860010293389e-04
1.453183278704406431e-04
1.459451570532051300e-04
1.465225319093513940e-04
1.469123912440214931e-04
1.472127715257785937e-04
1.477129117497414995e-04
1.482408749505863786e-04
1.486350349292332143e-04
1.492784873113285810e-04
1.498676169383711106e-04
1.503457953292572846e-04
1.507386192342478144e-04
1.512579620510579774e-04
1.520655571513052366e-04
1.524984326549977008e-04
1.530456075910621347e-04
1.534762367626745893e-04
1.540199199096416562e-04
1.548307184145334358e-04
1.554672655035411978e-04
1.560386975970040602e-04
1.564047755591470843e-04
1.569448077426105167e-04
1.576706785094865242e-04
1.582723691615081575e-04
1.589207515185760784e-04
1.595942758853049071e-04
1.599573447080778507e-04
1.605651894669235600e-04
1.610104298978478211e-04
1.616350281065354435e-04
1.620453727043572154e-04
1.623728079670924381e-04
1.627192189477490625e-04
1.632741917927506357e-04
1.637614178099639601e-04
1.644646675072638619e-04
1.649620587264929040e-04
1.658130365894100835e-04
1.666111296234588522e-04
1.672085462145842937e-04
1.680076163452743168e-04
1.686119489667834521e-04
1.696001206045302172e-04
1.701612750751545753e-04
1.708104004554943935e-04
1.715167800583157140e-04
1.724303094166107963e-04
1.730236850199938406e-04
1.735608909459068522e-04
1.743712946099895494e-04
1.749033173329187472e-04
1.756371726318254462e-04
1.762494125019583311e-04
1.769528715518766716e-04
1.773154441751876708e-04
1.778058754963747338e-04
1.782425286673400267e-04
1.788908765652951654e-04
1.797052833353300530e-04
1.804945550809217212e-04
1.811885971976163513e-04
1.819210866752910851e-04
1.829268292682926828e-04
1.837184616640809927e-04
1.842223768780447760e-04
1.847556093855849506e-04
1.854866964819356615e-04
1.861773649696944570e-04
1.870324189526184546e-04
1.876172607879924951e-04
1.884303749764461983e-04
1.894457658871324143e-04
1.900618756995332815e-04
1.908558826024259875e-04
1.916606329060011179e-04
1.924639664685000686e-04
1.930833261820990253e-04
1.937275329874938042e-04
1.945903872348705987e-04
1.954057926961657102e-04
1.961639058413251931e-04
1.313283866307702328e-04
1.318768270435413269e-04
1.325732467188121344e-04
1.330642478543390072e-04
1.336094595497361293e-04
1.342011675501576925e-04
1.345955404010947172e-04
1.349193856670639316e-04
1.354707608941070282e-04
1.361130645856491552e-04
1.367864307860660136e-04
1.372557990575101815e-04
1.377853304551508696e-04
1.382807098409771871e-04
1.386898432804771041e-04
1.391562492752278809e-04
1.398797034550286640e-04
1.402262316537346829e-04
1.406931482436805448e-04
1.412396130034603643e-04
1.417769376181474356e-04
1.423521317231725663e-04
1.429899192106956474e-04
1.434137246934531729e-04
1.437745614875874593e-04
1.442030378773312914e-04
1.445643793369313804e-04
1.453594011192674014e-04
1.460991526249147800e-04
1.467746275593825671e-04
1.473441221973920069e-04
1.478269439243125912e-04
1.489203276247207867e-04
1.494619370267038529e-04
1.504287218572932904e-04
1.509320051316881764e-04
1.513279023430603618e-04
1.518487586363981409e-04
1.524274064476792878e-04
1.530768445759771439e-04
1.537003355790660228e-04
1.540080597551271905e-04
1.543408360128617376e-04
1.549066687320889207e-04
1.557955961778147115e-04
1.563599405832225670e-04
1.570105197048202107e-04
1.577660329731008870e-04
1.583113456464379945e-04
1.589698752086479477e-04
1.596126732462557578e-04
1.602564102564102563e-04
1.608837882769346235e-04
1.618210259453045066e-04
1.626104395902216895e-04
1.632297731106153809e-04
1.637465203864417972e-04
1.648714003077599499e-04
1.659888787451240812e-04
1.665510062456627310e-04
1.672706997490939443e-04
1.680436913597535347e-04
1.689902830587241308e-04
1.697408622835804059e-04
1.704642309222115010e-04
1.715903566219578508e-04
1.725824080998676830e-04
1.735357917570498946e-04
1.743071291615826981e-04
1.753155680224403878e-04
1.762891141472014216e-04
1.771113144611388289e-04
1.780362600516305262e-04
1.786831055123738049e-04
1.793507502839720177e-04
1.801206808561736357e-04
1.809245243192714897e-04
1.818181818181818072e-04
1.829658768639648686e-04
1.836097680396596996e-04
1.841451063437989262e-04
1.849112426035502915e-04
1.854198213789054104e-04
1.861273110807792615e-04
1.875351628430330705e-04
1.882471057007498584e-04
1.890537858020606898e-04
1.897533206831119527e-04
1.907123104796414536e-04
1.915647648542511392e-04
1.925051334702258799e-04
1.932989690721649393e-04
1.946156341226078364e-04
1.955416503715291235e-04
1.966117246125110717e-04
1.973489458277143756e-04
1.983864568178812327e-04
1.992693457323148397e-04
2.002603384399719673e-04
2.009242515571629611e-04
2.016874516790480407e-04
2.021495232640409755e-04
2.028054757478451925e-04
2.035347196309237054e-04
2.043248765537204270e-04
2.054302050878214169e-04
2.061713971548347101e-04
2.070250500310537669e-04
2.075478224774291640e-04
2.088991017338625385e-04
2.097168822090178162e-04
2.105337029369451680e-04
2.110669433988813549e-04
2.120366116549457416e-04
2.130001065000532428e-04
2.140181915462814231e-04
2.150537634408602149e-04
2.157807667409911438e-04
2.168726957276078825e-04
2.180945803496783103e-04
2.190180689906917361e-04
2.201430930104567951e-04
2.210351814330447631e-04
2.218360631493326547e-04
2.229240200631617936e-04
2.237386732296677515e-04
2.247275178845649628e-04
2.256402542213530764e-04
2.271006813020439059e-04
2.287805994051704517e-04
2.298322224775913535e-04
2.307159886180112289e-04
2.323780015491866858e-04
2.337723057741759555e-04
2.347142354183781132e-04
2.360253333857833939e-04
2.372104056297936298e-04
2.379535990481855990e-04
2.394158253860580144e-04
2.405098809476089393e-04
2.417600128938673595e-04
2.430724355858045606e-04
2.441207584018227747e-04
2.453285357975221875e-04
2.462346616325358285e-04
2.470457446370486268e-04
2.488593944421401750e-04
2.496463343596571640e-04
2.505533052156846334e-04
2.515090543259557556e-04
2.526209422761146691e-04
2.543774112858778261e-04
2.563664330883609686e-04
2.577873254564983841e-04
2.593024763386490177e-04
2.607448611533614386e-04
2.620087336244541435e-04
2.637478570486614720e-04
2.655454746625359537e-04
2.664061806233904411e-04
2.683483161143163770e-04
2.692877339437188414e-04
2.706604114038253274e-04
2.720594903418880836e-04
2.735479164767028117e-04
2.749014936314487351e-04
2.768932576491762521e-04
2.781512215474479495e-04
2.793816353138386878e-04
2.808068516871811563e-04
2.820211515863689749e-04
2.839295854628052281e-04
2.857414991903990870e-04
2.874526900780912937e-04
2.890312635483404638e-04
2.906131938390003021e-04
2.919708029197080543e-04
2.935133548576460008e-04
2.943340691685062543e-04
2.963109289347622155e-04
2.976042855017112265e-04
2.991176030709407361e-04
3.020843822374383054e-04
3.035515531721137412e-04
1.522456229383405222e-04
1.531002806838479169e-04
1.537515375153751583e-04
1.548387096774193666e-04
1.555532510629472124e-04
1.565843728795866135e-04
1.575382030142309501e-04
1.587133636652206009e-04
1.597614229417403228e-04
1.604878831648210433e-04
1.613076674911280905e-04
1.619520621895918929e-04
1.633808953273064050e-04
1.638180527494129742e-04
1.645819618169848506e-04
1.653621430933744773e-04
1.662234042553191449e-04
1.674013726912560764e-04
1.684825339773110076e-04
1.693958215697346072e-04
1.701451905626134235e-04
1.710863986313088244e-04
1.720972923359339051e-04
1.737116386797915395e-04
1.743881881067255743e-04
1.756234632946961679e-04
1.765952437014362952e-04
1.773888363292336801e-04
1.779992880028479982e-04
1.786777843954734846e-04
1.795224702291903500e-04
1.803101334294987459e-04
1.819725827975251630e-04
1.833852924995415352e-04
1.840942562592047093e-04
1.860003720007440055e-04
1.869974443682603132e-04
1.881113619262603394e-04
1.893700290367377880e-04
1.904640975176179207e-04
1.920000000000000049e-04
1.927648910878365478e-04
1.937483854301214287e-04
1.950331556364582036e-04
1.962580138688996441e-04
1.977456990310460854e-04
1.986886548778064756e-04
1.994548234824812115e-04
2.006554745501973108e-04
2.021563342318059354e-04
2.034174125305126060e-04
2.044850385113489133e-04
2.054653790836244074e-04
2.063699525349109215e-04
2.071680132587528527e-04
2.080876742734272147e-04
2.095850216571188947e-04
2.110298255486775434e-04
2.121790791427965127e-04
2.139342508735648575e-04
2.153470676907616162e-04
2.162785667940307144e-04
2.176278563656148092e-04
2.192661891536325063e-04
2.210107558567850393e-04
2.223045572434234878e-04
2.239474469991042103e-04
2.248201438848920980e-04
2.262614073459536879e-04
2.281889404426865530e-04
2.292701566679403993e-04
2.304324448882402667e-04
2.324320136360114551e-04
2.337540906965872019e-04
2.354788069073783280e-04
2.375861249703017377e-04
2.389866964072333180e-04
2.408091186386257835e-04
2.426791781265167497e-04
2.447181662452075929e-04
2.466902392895321296e-04
2.480979159775057786e-04
2.491694352159468172e-04
2.518891687657430663e-04
2.526528549772612633e-04
2.551888397414086218e-04
2.564979480164158651e-04
2.576434215046375623e-04
2.595829367482910873e-04
2.615062761506275926e-04
2.637130801687763491e-04
2.658631690889755404e-04
2.676659528907923062e-04
2.697114087925919063e-04
2.724053391446472393e-04
2.740727206285401181e-04
2.763957987838584741e-04
2.780352177942539216e-04
2.799813345776948153e-04
2.825390845733659968e-04
2.853881278538812627e-04
2.867794665901921285e-04
2.895752895752895604e-04
2.919992213354097787e-04
2.936857562408223148e-04
2.959455460195324172e-04
2.972357079163776678e-04
2.989238740534077058e-04
3.011745808653749782e-04
3.038590094196292669e-04
3.051881993896235924e-04
3.073455588566745256e-04
3.110742430526752594e-04
3.130217028380634348e-04
3.159224936815501232e-04
3.190810465858328238e-04
3.221303554171588189e-04
3.252385082393755445e-04
3.269398430688753398e-04
3.298515667949422896e-04
3.316016359014037980e-04
3.344854498829300969e-04
3.378378378378378566e-04
3.414134516899965956e-04
3.439183767052619509e-04
3.460606759718537180e-04
3.481490077753278162e-04
3.507131166705634569e-04
3.539405379896177692e-04
3.584229390681003581e-04
3.605335897127748810e-04
3.654080389768575034e-04
3.672420124862284057e-04
3.704618424302296765e-04
3.750000000000000078e-04
3.796987723073028901e-04
3.838771593090211320e-04
3.872466761326965419e-04
3.915937867119174834e-04
3.966679888932963128e-04
4.001600640256102706e-04
4.037685060565276160e-04
4.056795131845841729e-04
4.083299305839118223e-04
4.122577985433557553e-04
4.155700235489679858e-04
4.199916001679966648e-04
4.238485447866628827e-04
4.285714285714285494e-04
4.324012683770538795e-04
4.366176684616504371e-04
4.400117336462305438e-04
4.442470013327409826e-04
4.463621484898080754e-04
4.507211538461538712e-04
4.544765944553855685e-04
0.000000000000000000e+00
0.000000000000000000e+00
0.000000000000000000e+00
0.000000000000000000e+00
0.000000000000000000e+00
0.000000000000000000e+00
0.000000000000000000e+00
0.000000000000000000e+00
0.000000000000000000e+00
0.000000000000000000e+00
0.000000000000000000e+00
0.000000000000000000e+00
0.000000000000000000e+00
0.000000000000000000e+00
0.000000000000000000e+00
0.000000000000000000e+00
0.000000000000000000e+00
0.000000000000000000e+00
0.000000000000000000e+00
0.000000000000000000e+00
0.000000000000000000e+00
0.000000000000000000e+00
0.000000000000000000e+00
0.000000000000000000e+00
0.000000000000000000e+00
0.000000000000000000e+00
0.000000000000000000e+00
0.000000000000000000e+00
0.000000000000000000e+00
0.000000000000000000e+00
0.000000000000000000e+00
0.000000000000000000e+00
0.000000000000000000e+00
0.000000000000000000e+00
0.000000000000000000e+00
0.000000000000000000e+00
0.000000000000000000e+00
0.000000000000000000e+00
0.000000000000000000e+00
0.000000000000000000e+00
0.000000000000000000e+00
0.000000000000000000e+00
0.000000000000000000e+00
0.000000000000000000e+00
0.000000000000000000e+00
0.000000000000000000e+00
0.000000000000000000e+00
0.000000000000000000e+00
0.000000000000000000e+00
0.000000000000000000e+00
0.000000000000000000e+00
0.000000000000000000e+00
0.000000000000000000e+00
0.000000000000000000e+00
0.000000000000000000e+00
0.000000000000000000e+00
0.000000000000000000e+00
0.000000000000000000e+00
0.000000000000000000e+00
0.000000000000000000e+00
0.000000000000000000e+00
0.000000000000000000e+00
0.000000000000000000e+00
0.000000000000000000e+00
0.000000000000000000e+00
0.000000000000000000e+00
0.000000000000000000e+00
0.000000000000000000e+00
0.000000000000000000e+00
0.000000000000000000e+00
0.000000000000000000e+00
0.000000000000000000e+00
0.000000000000000000e+00
0.000000000000000000e+00
0.000000000000000000e+00
0.000000000000000000e+00
0.000000000000000000e+00
0.000000000000000000e+00
0.000000000000000000e+00
0.000000000000000000e+00
0.000000000000000000e+00
0.000000000000000000e+00
0.000000000000000000e+00
0.000000000000000000e+00
0.000000000000000000e+00
0.000000000000000000e+00
0.000000000000000000e+00
0.000000000000000000e+00
0.000000000000000000e+00
0.000000000000000000e+00
0.000000000000000000e+00
