4.655072088963599949e-04
4.670593424842367459e-04
4.683048664680706944e-04
4.702132939747391159e-04
4.720073423364363617e-04
4.744645799011532094e-04
4.770107327414866696e-04
4.781574997675623454e-04
4.404463189365223652e-04
4.423414607991635957e-04
4.440377835786754059e-04
4.463198896372636308e-04
4.476883004124158775e-04
4.499100179964007364e-04
4.516217325851923023e-04
4.531286473423318272e-04
4.553482724362512436e-04
4.571206937152830674e-04
4.591559878114956231e-04
4.608037534560281722e-04
4.624115462761858278e-04
4.643962848297213358e-04
4.660687804533577942e-04
4.680851063829787355e-04
4.700653818212896799e-04
4.719814640006865123e-04
4.732947048362113403e-04
4.319032536711776794e-04
4.339524388127061509e-04
4.354831685755345717e-04
4.369038083448627133e-04
4.385708438103034742e-04
4.406062742333450872e-04
4.421452889419463404e-04
4.439840165754032914e-04
4.460369615962176066e-04
4.480554393930342104e-04
4.499775011249437383e-04
4.522976721746472108e-04
4.548348949331392486e-04
4.564403736725192650e-04
4.125979920231054874e-04
4.146701068927386509e-04
3.700619853825515759e-04
3.717299381998977669e-04
3.731923495568341084e-04
3.748945609047455211e-04
3.762404176268635547e-04
3.774475112054729653e-04
3.792128173932278923e-04
3.810491553410389723e-04
3.826347591792484608e-04
3.841905585170244243e-04
3.861252332839951152e-04
3.876782916309948765e-04
3.889663219992869100e-04
3.909813632216864411e-04
3.927858335242709136e-04
3.943541629011321171e-04
3.957653111704759045e-04
3.974102101306486176e-04
3.993410872061098978e-04
4.011969040972233956e-04
4.029550033579583682e-04
4.045784797963621472e-04
4.061463480674202880e-04
4.084272148667506376e-04
4.105722350526045490e-04
4.128890188724689057e-04
4.146366746138696146e-04
4.172389214373880932e-04
4.195877550306823640e-04
4.212225985924144731e-04
4.232654932806602767e-04
4.250420614539980732e-04
4.275255179293514221e-04
4.292920259006188983e-04
4.306709494499973232e-04
4.325649297983166016e-04
4.344048653344917215e-04
3.819153966464190839e-04
3.840948165489995033e-04
3.858804505613641633e-04
3.877471888328809448e-04
3.894153207113320008e-04
3.911780046196259718e-04
3.936712657468506376e-04
3.948704448873679041e-04
3.961068356722498968e-04
3.982703686845698462e-04
3.997487293701102156e-04
4.014145082672273537e-04
4.037840332256575990e-04
4.055150040551500513e-04
4.076245195853876128e-04
3.509866625068247536e-04
3.528789037228724610e-04
3.542261143363179942e-04
3.559000316355583537e-04
3.578030890333352997e-04
3.593962143598753898e-04
3.612426748013165042e-04
3.629032258064516397e-04
3.641439582448261392e-04
3.045685279187817303e-04
3.058977078065094912e-04
3.076418228803478368e-04
3.089661990978186720e-04
2.484420612409681114e-04
2.495684545473452181e-04
2.507522567703109333e-04
2.517940324814302061e-04
2.527912365704655683e-04
2.539843799606324149e-04
2.553680492009108272e-04
2.565143968705243496e-04
2.574886275856149852e-04
2.587098999655053637e-04
2.599822345473059128e-04
2.609603340292275314e-04
2.622377622377622375e-04
2.632675895658278782e-04
2.647428684889800536e-04
2.657807308970099817e-04
2.668208298127807418e-04
2.679169457468184661e-04
2.692454396553658124e-04
2.031281738777168417e-04
2.039660056657223723e-04
2.050721170278214521e-04
2.060533907230184612e-04
2.069298507805853696e-04
2.080299563137091672e-04
2.090009753378849037e-04
2.101478039554486742e-04
1.407426520607069857e-04
1.415161092504363394e-04
1.420555437175935801e-04
1.425482882326388110e-04
1.432254368375823544e-04
1.440334157524545799e-04
1.447212909139149455e-04
1.456346027816209044e-04
1.464378981280355324e-04
1.471345545501361084e-04
1.477868913027414490e-04
1.487873828299360161e-04
1.495140792424619900e-04
1.501050735514860418e-04
1.507689214996481980e-04
1.513279023430603618e-04
1.522919945174882011e-04
1.530104812179634269e-04
1.537475976937860422e-04
1.547588341501160707e-04
1.557187718979522969e-04
1.562703477015236261e-04
7.853197560273291540e-05
7.894529091339702034e-05
7.940499192715915876e-05
7.976177815590769547e-05
8.028689182679441710e-05
8.072762499327269944e-05
8.120178643930165839e-05
8.173941474579041644e-05
8.209955939903122138e-05
8.242664029014177532e-05
8.280202036929701283e-05
8.323160581511486011e-05
8.373105584861425502e-05
8.431229273228036650e-05
8.463339633819505243e-05
8.509914049868096022e-05
8.552125203112974079e-05
8.609803696475719782e-05
8.655260956117827396e-05
8.701957940536620285e-05
8.757078638566173797e-05
8.817046289493019550e-05
8.865772208759383540e-05
8.913450396648542307e-05
8.976392088806438632e-05
9.014964841637118111e-05
9.084577415740544622e-05
9.137426900584794814e-05
9.193993257738277791e-05
9.230201218386560895e-05
9.279020135473694511e-05
9.331549970450091940e-05
9.372071227741331050e-05
9.417969485778866561e-05
9.474781290465211336e-05
9.525019050038099769e-05
9.564496588662883814e-05
9.607378466662396682e-05
9.684604706717887693e-05
9.723527695848053641e-05
9.759588795992061574e-05
9.827044025157233233e-05
0.000000000000000000e+00
0.000000000000000000e+00
0.000000000000000000e+00
0.000000000000000000e+00
0.000000000000000000e+00
0.000000000000000000e+00
0.000000000000000000e+00
0.000000000000000000e+00
0.000000000000000000e+00
0.000000000000000000e+00
0.000000000000000000e+00
0.000000000000000000e+00
0.000000000000000000e+00
0.000000000000000000e+00
0.000000000000000000e+00
0.000000000000000000e+00
0.000000000000000000e+00
0.000000000000000000e+00
0.000000000000000000e+00
0.000000000000000000e+00
0.000000000000000000e+00
0.000000000000000000e+00
0.000000000000000000e+00
0.000000000000000000e+00
0.000000000000000000e+00
0.000000000000000000e+00
0.000000000000000000e+00
0.000000000000000000e+00
0.000000000000000000e+00
0.000000000000000000e+00
0.000000000000000000e+00
0.000000000000000000e+00
0.000000000000000000e+00
0.000000000000000000e+00
0.000000000000000000e+00
0.000000000000000000e+00
0.000000000000000000e+00
0.000000000000000000e+00
0.000000000000000000e+00
0.000000000000000000e+00
0.000000000000000000e+00
0.000000000000000000e+00
0.000000000000000000e+00
0.000000000000000000e+00
0.000000000000000000e+00
0.000000000000000000e+00
0.000000000000000000e+00
0.000000000000000000e+00
0.000000000000000000e+00
0.000000000000000000e+00
0.000000000000000000e+00
0.000000000000000000e+00
0.000000000000000000e+00
0.000000000000000000e+00
0.000000000000000000e+00
0.000000000000000000e+00
0.000000000000000000e+00
0.000000000000000000e+00
0.000000000000000000e+00
0.000000000000000000e+00
0.000000000000000000e+00
0.000000000000000000e+00
0.000000000000000000e+00
0.000000000000000000e+00
0.000000000000000000e+00
0.000000000000000000e+00
0.000000000000000000e+00
0.000000000000000000e+00
0.000000000000000000e+00
0.000000000000000000e+00
0.000000000000000000e+00
0.000000000000000000e+00
0.000000000000000000e+00
0.000000000000000000e+00
0.000000000000000000e+00
0.000000000000000000e+00
0.000000000000000000e+00
0.000000000000000000e+00
0.000000000000000000e+00
0.000000000000000000e+00
0.000000000000000000e+00
0.000000000000000000e+00
0.000000000000000000e+00
0.000000000000000000e+00
0.000000000000000000e+00
0.000000000000000000e+00
0.000000000000000000e+00
0.000000000000000000e+00
0.000000000000000000e+00
0.000000000000000000e+00
0.000000000000000000e+00
0.000000000000000000e+00
0.000000000000000000e+00
0.000000000000000000e+00
0.000000000000000000e+00
0.000000000000000000e+00
0.000000000000000000e+00
0.000000000000000000e+00
0.000000000000000000e+00
0.000000000000000000e+00
0.000000000000000000e+00
0.000000000000000000e+00
0.000000000000000000e+00
0.000000000000000000e+00
0.000000000000000000e+00
0.000000000000000000e+00
0.000000000000000000e+00
0.000000000000000000e+00
0.000000000000000000e+00
0.000000000000000000e+00
0.000000000000000000e+00
0.000000000000000000e+00
0.000000000000000000e+00
0.000000000000000000e+00
0.000000000000000000e+00
0.000000000000000000e+00
0.000000000000000000e+00
0.000000000000000000e+00
0.000000000000000000e+00
0.000000000000000000e+00
0.000000000000000000e+00
0.000000000000000000e+00
0.000000000000000000e+00
0.000000000000000000e+00
0.000000000000000000e+00
0.000000000000000000e+00
0.000000000000000000e+00
0.000000000000000000e+00
0.000000000000000000e+00
0.000000000000000000e+00
0.000000000000000000e+00
0.000000000000000000e+00
0.000000000000000000e+00
0.000000000000000000e+00
0.000000000000000000e+00
0.000000000000000000e+00
0.000000000000000000e+00
0.000000000000000000e+00
0.000000000000000000e+00
0.000000000000000000e+00
0.000000000000000000e+00
0.000000000000000000e+00
0.000000000000000000e+00
0.000000000000000000e+00
0.000000000000000000e+00
0.000000000000000000e+00
0.000000000000000000e+00
0.000000000000000000e+00
0.000000000000000000e+00
0.000000000000000000e+00
0.000000000000000000e+00
0.000000000000000000e+00
0.000000000000000000e+00
0.000000000000000000e+00
0.000000000000000000e+00
0.000000000000000000e+00
0.000000000000000000e+00
0.000000000000000000e+00
0.000000000000000000e+00
0.000000000000000000e+00
0.000000000000000000e+00
0.000000000000000000e+00
0.000000000000000000e+00
0.000000000000000000e+00
0.000000000000000000e+00
0.000000000000000000e+00
0.000000000000000000e+00
0.000000000000000000e+00
0.000000000000000000e+00
0.000000000000000000e+00
0.000000000000000000e+00
0.000000000000000000e+00
0.000000000000000000e+00
0.000000000000000000e+00
0.000000000000000000e+00
0.000000000000000000e+00
0.000000000000000000e+00
0.000000000000000000e+00
0.000000000000000000e+00
0.000000000000000000e+00
0.000000000000000000e+00
0.000000000000000000e+00
0.000000000000000000e+00
0.000000000000000000e+00
0.000000000000000000e+00
0.000000000000000000e+00
0.000000000000000000e+00
0.000000000000000000e+00
0.000000000000000000e+00
0.000000000000000000e+00
0.000000000000000000e+00
0.000000000000000000e+00
0.000000000000000000e+00
0.000000000000000000e+00
0.000000000000000000e+00
0.000000000000000000e+00
0.000000000000000000e+00
0.000000000000000000e+00
0.000000000000000000e+00
0.000000000000000000e+00
0.000000000000000000e+00
0.000000000000000000e+00
0.000000000000000000e+00
0.000000000000000000e+00
0.000000000000000000e+00
0.000000000000000000e+00
0.000000000000000000e+00
0.000000000000000000e+00
0.000000000000000000e+00
0.000000000000000000e+00
0.000000000000000000e+00
0.000000000000000000e+00
0.000000000000000000e+00
0.000000000000000000e+00
0.000000000000000000e+00
0.000000000000000000e+00
0.000000000000000000e+00
0.000000000000000000e+00
0.000000000000000000e+00
0.000000000000000000e+00
0.000000000000000000e+00
0.000000000000000000e+00
0.000000000000000000e+00
0.000000000000000000e+00
0.000000000000000000e+00
0.000000000000000000e+00
0.000000000000000000e+00
0.000000000000000000e+00
0.000000000000000000e+00
0.000000000000000000e+00
0.000000000000000000e+00
0.000000000000000000e+00
0.000000000000000000e+00
0.000000000000000000e+00
0.000000000000000000e+00
0.000000000000000000e+00
0.000000000000000000e+00
0.000000000000000000e+00
0.000000000000000000e+00
0.000000000000000000e+00
0.000000000000000000e+00
0.000000000000000000e+00
0.000000000000000000e+00
0.000000000000000000e+00
0.000000000000000000e+00
0.000000000000000000e+00
0.000000000000000000e+00
0.000000000000000000e+00
0.000000000000000000e+00
0.000000000000000000e+00
0.000000000000000000e+00
0.000000000000000000e+00
0.000000000000000000e+00
