9.789000000000000000e+03
9.779000000000000000e+03
9.767000000000000000e+03
9.755000000000000000e+03
9.744000000000000000e+03
9.733000000000000000e+03
9.723000000000000000e+03
9.711000000000000000e+03
9.699000000000000000e+03
9.687000000000000000e+03
9.675000000000000000e+03
9.662000000000000000e+03
9.652000000000000000e+03
9.641000000000000000e+03
9.630000000000000000e+03
9.619000000000000000e+03
9.608000000000000000e+03
9.595000000000000000e+03
9.585000000000000000e+03
9.575000000000000000e+03
9.564000000000000000e+03
9.553000000000000000e+03
9.542000000000000000e+03
9.528000000000000000e+03
9.518000000000000000e+03
9.508000000000000000e+03
9.498000000000000000e+03
9.488000000000000000e+03
9.477000000000000000e+03
9.467000000000000000e+03
9.455000000000000000e+03
9.445000000000000000e+03
9.435000000000000000e+03
9.425000000000000000e+03
9.415000000000000000e+03
9.405000000000000000e+03
9.394000000000000000e+03
9.384000000000000000e+03
9.374000000000000000e+03
9.363000000000000000e+03
9.353000000000000000e+03
9.343000000000000000e+03
9.332000000000000000e+03
9.322000000000000000e+03
9.312000000000000000e+03
9.302000000000000000e+03
9.291000000000000000e+03
9.279000000000000000e+03
9.268000000000000000e+03
9.257000000000000000e+03
9.246000000000000000e+03
9.234000000000000000e+03
9.220000000000000000e+03
9.209000000000000000e+03
9.199000000000000000e+03
9.189000000000000000e+03
9.179000000000000000e+03
9.168000000000000000e+03
9.157000000000000000e+03
9.145000000000000000e+03
9.131000000000000000e+03
9.121000000000000000e+03
9.109000000000000000e+03
9.097000000000000000e+03
9.086000000000000000e+03
9.074000000000000000e+03
9.062000000000000000e+03
9.048000000000000000e+03
9.038000000000000000e+03
9.025000000000000000e+03
9.014000000000000000e+03
9.000000000000000000e+03
8.988000000000000000e+03
8.978000000000000000e+03
8.968000000000000000e+03
8.958000000000000000e+03
8.948000000000000000e+03
8.938000000000000000e+03
8.926000000000000000e+03
8.915000000000000000e+03
8.901000000000000000e+03
8.891000000000000000e+03
8.880000000000000000e+03
8.870000000000000000e+03
8.859000000000000000e+03
8.848000000000000000e+03
8.837000000000000000e+03
8.824000000000000000e+03
8.813000000000000000e+03
8.802000000000000000e+03
8.788000000000000000e+03
8.778000000000000000e+03
8.767000000000000000e+03
8.756000000000000000e+03
8.742000000000000000e+03
8.731000000000000000e+03
8.721000000000000000e+03
8.706000000000000000e+03
8.696000000000000000e+03
8.686000000000000000e+03
8.675000000000000000e+03
8.664000000000000000e+03
8.653000000000000000e+03
8.642000000000000000e+03
8.629000000000000000e+03
8.618000000000000000e+03
8.604000000000000000e+03
8.593000000000000000e+03
8.583000000000000000e+03
8.571000000000000000e+03
8.555000000000000000e+03
8.545000000000000000e+03
8.535000000000000000e+03
8.522000000000000000e+03
8.509000000000000000e+03
8.496000000000000000e+03
8.484000000000000000e+03
8.471000000000000000e+03
8.461000000000000000e+03
8.450000000000000000e+03
8.439000000000000000e+03
8.428000000000000000e+03
8.416000000000000000e+03
8.406000000000000000e+03
8.394000000000000000e+03
8.384000000000000000e+03
8.373000000000000000e+03
8.361000000000000000e+03
8.350000000000000000e+03
8.340000000000000000e+03
8.330000000000000000e+03
8.317000000000000000e+03
8.304000000000000000e+03
8.294000000000000000e+03
8.280000000000000000e+03
8.265000000000000000e+03
8.255000000000000000e+03
8.244000000000000000e+03
8.230000000000000000e+03
8.217000000000000000e+03
8.204000000000000000e+03
8.193000000000000000e+03
8.178000000000000000e+03
8.168000000000000000e+03
8.156000000000000000e+03
8.144000000000000000e+03
8.134000000000000000e+03
8.124000000000000000e+03
8.109000000000000000e+03
8.098000000000000000e+03
8.087000000000000000e+03
8.077000000000000000e+03
8.066000000000000000e+03
8.054000000000000000e+03
8.041000000000000000e+03
8.030000000000000000e+03
8.019000000000000000e+03
8.007000000000000000e+03
7.996000000000000000e+03
7.986000000000000000e+03
7.975000000000000000e+03
7.963000000000000000e+03
7.949000000000000000e+03
7.937000000000000000e+03
7.925000000000000000e+03
7.913000000000000000e+03
7.900000000000000000e+03
7.890000000000000000e+03
7.880000000000000000e+03
7.868000000000000000e+03
7.853000000000000000e+03
7.843000000000000000e+03
7.832000000000000000e+03
7.818000000000000000e+03
7.807000000000000000e+03
7.794000000000000000e+03
7.784000000000000000e+03
7.774000000000000000e+03
7.760000000000000000e+03
7.747000000000000000e+03
7.737000000000000000e+03
7.727000000000000000e+03
7.716000000000000000e+03
7.705000000000000000e+03
7.695000000000000000e+03
7.684000000000000000e+03
7.673000000000000000e+03
7.662000000000000000e+03
7.651000000000000000e+03
7.638000000000000000e+03
7.625000000000000000e+03
7.611000000000000000e+03
7.601000000000000000e+03
7.590000000000000000e+03
7.578000000000000000e+03
7.566000000000000000e+03
7.554000000000000000e+03
7.542000000000000000e+03
7.532000000000000000e+03
7.521000000000000000e+03
7.508000000000000000e+03
7.493000000000000000e+03
7.481000000000000000e+03
7.469000000000000000e+03
7.456000000000000000e+03
7.445000000000000000e+03
7.434000000000000000e+03
7.424000000000000000e+03
7.410000000000000000e+03
7.396000000000000000e+03
7.385000000000000000e+03
7.373000000000000000e+03
7.361000000000000000e+03
7.349000000000000000e+03
7.337000000000000000e+03
7.326000000000000000e+03
7.316000000000000000e+03
7.304000000000000000e+03
7.294000000000000000e+03
7.281000000000000000e+03
7.268000000000000000e+03
7.258000000000000000e+03
7.247000000000000000e+03
7.234000000000000000e+03
7.222000000000000000e+03
7.212000000000000000e+03
7.196000000000000000e+03
7.185000000000000000e+03
7.174000000000000000e+03
7.164000000000000000e+03
7.152000000000000000e+03
7.139000000000000000e+03
7.128000000000000000e+03
7.116000000000000000e+03
7.104000000000000000e+03
7.091000000000000000e+03
7.079000000000000000e+03
7.068000000000000000e+03
7.055000000000000000e+03
7.044000000000000000e+03
7.032000000000000000e+03
7.020000000000000000e+03
7.010000000000000000e+03
6.995000000000000000e+03
6.982000000000000000e+03
6.972000000000000000e+03
6.960000000000000000e+03
6.949000000000000000e+03
6.935000000000000000e+03
6.918000000000000000e+03
6.904000000000000000e+03
6.891000000000000000e+03
6.879000000000000000e+03
6.869000000000000000e+03
6.856000000000000000e+03
6.842000000000000000e+03
6.832000000000000000e+03
6.817000000000000000e+03
6.805000000000000000e+03
6.793000000000000000e+03
6.777000000000000000e+03
6.761000000000000000e+03
6.751000000000000000e+03
6.740000000000000000e+03
6.729000000000000000e+03
6.714000000000000000e+03
6.702000000000000000e+03
6.691000000000000000e+03
6.676000000000000000e+03
6.664000000000000000e+03
6.651000000000000000e+03
6.638000000000000000e+03
6.627000000000000000e+03
6.617000000000000000e+03
6.605000000000000000e+03
6.594000000000000000e+03
6.582000000000000000e+03
6.572000000000000000e+03
6.562000000000000000e+03
6.548000000000000000e+03
6.536000000000000000e+03
6.524000000000000000e+03
6.514000000000000000e+03
6.503000000000000000e+03
6.492000000000000000e+03
6.481000000000000000e+03
6.469000000000000000e+03
6.453000000000000000e+03
6.441000000000000000e+03
6.431000000000000000e+03
6.412000000000000000e+03
6.401000000000000000e+03
6.389000000000000000e+03
6.374000000000000000e+03
6.361000000000000000e+03
6.350000000000000000e+03
6.338000000000000000e+03
6.328000000000000000e+03
6.314000000000000000e+03
6.300000000000000000e+03
6.289000000000000000e+03
6.276000000000000000e+03
6.264000000000000000e+03
6.252000000000000000e+03
6.241000000000000000e+03
6.225000000000000000e+03
6.214000000000000000e+03
6.202000000000000000e+03
6.189000000000000000e+03
6.176000000000000000e+03
6.164000000000000000e+03
6.151000000000000000e+03
6.138000000000000000e+03
6.126000000000000000e+03
6.116000000000000000e+03
6.105000000000000000e+03
6.093000000000000000e+03
6.075000000000000000e+03
6.063000000000000000e+03
6.049000000000000000e+03
6.036000000000000000e+03
6.022000000000000000e+03
6.012000000000000000e+03
5.995000000000000000e+03
5.984000000000000000e+03
5.973000000000000000e+03
5.959000000000000000e+03
5.944000000000000000e+03
5.929000000000000000e+03
5.917000000000000000e+03
5.900000000000000000e+03
5.889000000000000000e+03
5.877000000000000000e+03
5.866000000000000000e+03
5.855000000000000000e+03
5.841000000000000000e+03
5.827000000000000000e+03
5.814000000000000000e+03
5.800000000000000000e+03
5.788000000000000000e+03
5.775000000000000000e+03
5.762000000000000000e+03
5.750000000000000000e+03
5.735000000000000000e+03
5.723000000000000000e+03
5.706000000000000000e+03
5.695000000000000000e+03
5.681000000000000000e+03
5.671000000000000000e+03
5.661000000000000000e+03
5.645000000000000000e+03
5.631000000000000000e+03
5.616000000000000000e+03
5.604000000000000000e+03
5.593000000000000000e+03
5.578000000000000000e+03
5.568000000000000000e+03
5.556000000000000000e+03
5.542000000000000000e+03
5.529000000000000000e+03
5.518000000000000000e+03
5.505000000000000000e+03
5.492000000000000000e+03
5.480000000000000000e+03
5.468000000000000000e+03
5.450000000000000000e+03
5.436000000000000000e+03
5.422000000000000000e+03
5.410000000000000000e+03
5.398000000000000000e+03
5.383000000000000000e+03
5.367000000000000000e+03
5.357000000000000000e+03
5.345000000000000000e+03
5.333000000000000000e+03
5.319000000000000000e+03
5.307000000000000000e+03
5.292000000000000000e+03
5.282000000000000000e+03
5.266000000000000000e+03
5.253000000000000000e+03
5.243000000000000000e+03
5.226000000000000000e+03
5.210000000000000000e+03
5.199000000000000000e+03
5.189000000000000000e+03
5.173000000000000000e+03
5.158000000000000000e+03
5.143000000000000000e+03
5.131000000000000000e+03
5.113000000000000000e+03
5.101000000000000000e+03
5.089000000000000000e+03
5.077000000000000000e+03
5.057000000000000000e+03
5.045000000000000000e+03
5.033000000000000000e+03
5.014000000000000000e+03
4.997000000000000000e+03
4.984000000000000000e+03
4.961000000000000000e+03
4.950000000000000000e+03
4.939000000000000000e+03
4.926000000000000000e+03
4.910000000000000000e+03
4.894000000000000000e+03
4.883000000000000000e+03
4.868000000000000000e+03
4.852000000000000000e+03
4.837000000000000000e+03
4.821000000000000000e+03
4.802000000000000000e+03
4.790000000000000000e+03
4.767000000000000000e+03
4.755000000000000000e+03
4.745000000000000000e+03
4.731000000000000000e+03
4.720000000000000000e+03
4.698000000000000000e+03
4.682000000000000000e+03
4.671000000000000000e+03
4.657000000000000000e+03
4.640000000000000000e+03
4.630000000000000000e+03
4.618000000000000000e+03
4.606000000000000000e+03
4.595000000000000000e+03
4.580000000000000000e+03
4.565000000000000000e+03
4.552000000000000000e+03
4.537000000000000000e+03
4.522000000000000000e+03
4.510000000000000000e+03
4.498000000000000000e+03
4.482000000000000000e+03
4.465000000000000000e+03
4.447000000000000000e+03
4.429000000000000000e+03
4.417000000000000000e+03
4.407000000000000000e+03
4.388000000000000000e+03
4.370000000000000000e+03
4.358000000000000000e+03
4.329000000000000000e+03
4.313000000000000000e+03
4.299000000000000000e+03
4.284000000000000000e+03
4.269000000000000000e+03
4.257000000000000000e+03
4.230000000000000000e+03
4.217000000000000000e+03
4.206000000000000000e+03
4.183000000000000000e+03
4.163000000000000000e+03
4.142000000000000000e+03
4.129000000000000000e+03
4.117000000000000000e+03
4.097000000000000000e+03
4.085000000000000000e+03
4.072000000000000000e+03
4.053000000000000000e+03
4.035000000000000000e+03
4.024000000000000000e+03
4.006000000000000000e+03
3.995000000000000000e+03
3.968000000000000000e+03
3.955000000000000000e+03
3.931000000000000000e+03
3.914000000000000000e+03
3.896000000000000000e+03
3.873000000000000000e+03
3.859000000000000000e+03
3.846000000000000000e+03
3.834000000000000000e+03
3.819000000000000000e+03
3.805000000000000000e+03
3.788000000000000000e+03
3.770000000000000000e+03
3.756000000000000000e+03
3.734000000000000000e+03
3.718000000000000000e+03
3.705000000000000000e+03
3.691000000000000000e+03
3.665000000000000000e+03
3.651000000000000000e+03
3.638000000000000000e+03
3.625000000000000000e+03
3.606000000000000000e+03
3.592000000000000000e+03
3.580000000000000000e+03
3.563000000000000000e+03
3.550000000000000000e+03
3.535000000000000000e+03
3.512000000000000000e+03
3.491000000000000000e+03
3.475000000000000000e+03
3.453000000000000000e+03
3.436000000000000000e+03
3.423000000000000000e+03
3.387000000000000000e+03
3.363000000000000000e+03
3.331000000000000000e+03
3.315000000000000000e+03
3.297000000000000000e+03
3.276000000000000000e+03
3.265000000000000000e+03
3.254000000000000000e+03
3.223000000000000000e+03
3.208000000000000000e+03
3.194000000000000000e+03
3.181000000000000000e+03
3.159000000000000000e+03
3.140000000000000000e+03
3.128000000000000000e+03
3.111000000000000000e+03
3.099000000000000000e+03
3.085000000000000000e+03
3.057000000000000000e+03
3.042000000000000000e+03
3.027000000000000000e+03
3.007000000000000000e+03
2.977000000000000000e+03
2.963000000000000000e+03
2.946000000000000000e+03
2.905000000000000000e+03
2.890000000000000000e+03
2.876000000000000000e+03
2.853000000000000000e+03
2.834000000000000000e+03
2.811000000000000000e+03
2.793000000000000000e+03
2.769000000000000000e+03
2.753000000000000000e+03
2.723000000000000000e+03
2.702000000000000000e+03
2.688000000000000000e+03
2.660000000000000000e+03
2.647000000000000000e+03
2.630000000000000000e+03
2.616000000000000000e+03
2.597000000000000000e+03
2.568000000000000000e+03
2.535000000000000000e+03
2.516000000000000000e+03
2.503000000000000000e+03
2.479000000000000000e+03
2.455000000000000000e+03
2.433000000000000000e+03
2.414000000000000000e+03
2.375000000000000000e+03
2.346000000000000000e+03
2.306000000000000000e+03
2.285000000000000000e+03
2.241000000000000000e+03
2.224000000000000000e+03
2.197000000000000000e+03
2.167000000000000000e+03
2.143000000000000000e+03
2.111000000000000000e+03
2.082000000000000000e+03
2.054000000000000000e+03
2.019000000000000000e+03
1.984000000000000000e+03
1.940000000000000000e+03
1.923000000000000000e+03
1.900000000000000000e+03
1.885000000000000000e+03
1.851000000000000000e+03
1.829000000000000000e+03
1.809000000000000000e+03
1.790000000000000000e+03
1.738000000000000000e+03
1.696000000000000000e+03
1.667000000000000000e+03
1.617000000000000000e+03
1.597000000000000000e+03
1.555000000000000000e+03
1.524000000000000000e+03
1.503000000000000000e+03
1.477000000000000000e+03
1.442000000000000000e+03
1.417000000000000000e+03
1.331000000000000000e+03
1.264000000000000000e+03
1.239000000000000000e+03
1.182000000000000000e+03
1.155000000000000000e+03
1.121000000000000000e+03
1.089000000000000000e+03
1.057000000000000000e+03
1.024000000000000000e+03
9.720000000000000000e+02
9.440000000000000000e+02
9.190000000000000000e+02
8.920000000000000000e+02
8.390000000000000000e+02
4.490000000000000000e+02
4.150000000000000000e+02
3.760000000000000000e+02
3.600000000000000000e+02
2.510000000000000000e+02
2.080000000000000000e+02
1.340000000000000000e+02
7.500000000000000000e+01
2.800000000000000000e+01
