9.816000000000000000e+03
9.806000000000000000e+03
9.795000000000000000e+03
9.784000000000000000e+03
9.773000000000000000e+03
9.763000000000000000e+03
9.752000000000000000e+03
9.737000000000000000e+03
9.726000000000000000e+03
9.716000000000000000e+03
9.706000000000000000e+03
9.695000000000000000e+03
9.685000000000000000e+03
9.674000000000000000e+03
9.663000000000000000e+03
9.650000000000000000e+03
9.636000000000000000e+03
9.621000000000000000e+03
9.610000000000000000e+03
9.599000000000000000e+03
9.587000000000000000e+03
9.575000000000000000e+03
9.562000000000000000e+03
9.551000000000000000e+03
9.541000000000000000e+03
9.529000000000000000e+03
9.518000000000000000e+03
9.508000000000000000e+03
9.497000000000000000e+03
9.485000000000000000e+03
9.474000000000000000e+03
9.463000000000000000e+03
9.451000000000000000e+03
9.440000000000000000e+03
9.427000000000000000e+03
9.417000000000000000e+03
9.406000000000000000e+03
9.394000000000000000e+03
9.382000000000000000e+03
9.370000000000000000e+03
9.355000000000000000e+03
9.344000000000000000e+03
9.334000000000000000e+03
9.323000000000000000e+03
9.311000000000000000e+03
9.300000000000000000e+03
9.289000000000000000e+03
9.279000000000000000e+03
9.267000000000000000e+03
9.256000000000000000e+03
9.239000000000000000e+03
9.227000000000000000e+03
9.217000000000000000e+03
9.206000000000000000e+03
9.194000000000000000e+03
9.181000000000000000e+03
9.171000000000000000e+03
9.160000000000000000e+03
9.150000000000000000e+03
9.140000000000000000e+03
9.126000000000000000e+03
9.114000000000000000e+03
9.103000000000000000e+03
9.093000000000000000e+03
9.083000000000000000e+03
9.072000000000000000e+03
9.062000000000000000e+03
9.052000000000000000e+03
9.041000000000000000e+03
9.031000000000000000e+03
9.018000000000000000e+03
9.005000000000000000e+03
8.993000000000000000e+03
8.979000000000000000e+03
8.967000000000000000e+03
8.955000000000000000e+03
8.942000000000000000e+03
8.930000000000000000e+03
8.919000000000000000e+03
8.909000000000000000e+03
8.898000000000000000e+03
8.887000000000000000e+03
8.875000000000000000e+03
8.862000000000000000e+03
8.852000000000000000e+03
8.841000000000000000e+03
8.829000000000000000e+03
8.816000000000000000e+03
8.805000000000000000e+03
8.795000000000000000e+03
8.781000000000000000e+03
8.764000000000000000e+03
8.752000000000000000e+03
8.740000000000000000e+03
8.727000000000000000e+03
8.715000000000000000e+03
8.704000000000000000e+03
8.691000000000000000e+03
8.678000000000000000e+03
8.668000000000000000e+03
8.657000000000000000e+03
8.643000000000000000e+03
8.631000000000000000e+03
8.621000000000000000e+03
8.610000000000000000e+03
8.599000000000000000e+03
8.585000000000000000e+03
8.574000000000000000e+03
8.562000000000000000e+03
8.550000000000000000e+03
8.540000000000000000e+03
8.526000000000000000e+03
8.513000000000000000e+03
8.502000000000000000e+03
8.490000000000000000e+03
8.477000000000000000e+03
8.466000000000000000e+03
8.453000000000000000e+03
8.443000000000000000e+03
8.432000000000000000e+03
8.422000000000000000e+03
8.411000000000000000e+03
8.399000000000000000e+03
8.384000000000000000e+03
8.371000000000000000e+03
8.356000000000000000e+03
8.344000000000000000e+03
8.334000000000000000e+03
8.322000000000000000e+03
8.307000000000000000e+03
8.293000000000000000e+03
8.283000000000000000e+03
8.272000000000000000e+03
8.261000000000000000e+03
8.245000000000000000e+03
8.234000000000000000e+03
8.223000000000000000e+03
8.211000000000000000e+03
8.201000000000000000e+03
8.188000000000000000e+03
8.175000000000000000e+03
8.165000000000000000e+03
8.153000000000000000e+03
8.140000000000000000e+03
8.130000000000000000e+03
8.117000000000000000e+03
8.106000000000000000e+03
8.092000000000000000e+03
8.081000000000000000e+03
8.070000000000000000e+03
8.057000000000000000e+03
8.047000000000000000e+03
8.031000000000000000e+03
8.020000000000000000e+03
8.008000000000000000e+03
7.995000000000000000e+03
7.983000000000000000e+03
7.970000000000000000e+03
7.957000000000000000e+03
7.945000000000000000e+03
7.934000000000000000e+03
7.923000000000000000e+03
7.910000000000000000e+03
7.899000000000000000e+03
7.887000000000000000e+03
7.875000000000000000e+03
7.861000000000000000e+03
7.850000000000000000e+03
7.840000000000000000e+03
7.829000000000000000e+03
7.817000000000000000e+03
7.806000000000000000e+03
7.793000000000000000e+03
7.781000000000000000e+03
7.771000000000000000e+03
7.757000000000000000e+03
7.746000000000000000e+03
7.731000000000000000e+03
7.720000000000000000e+03
7.706000000000000000e+03
7.692000000000000000e+03
7.677000000000000000e+03
7.661000000000000000e+03
7.647000000000000000e+03
7.633000000000000000e+03
7.622000000000000000e+03
7.606000000000000000e+03
7.591000000000000000e+03
7.579000000000000000e+03
7.567000000000000000e+03
7.557000000000000000e+03
7.543000000000000000e+03
7.530000000000000000e+03
7.510000000000000000e+03
7.496000000000000000e+03
7.481000000000000000e+03
7.464000000000000000e+03
7.450000000000000000e+03
7.438000000000000000e+03
7.419000000000000000e+03
7.407000000000000000e+03
7.396000000000000000e+03
7.384000000000000000e+03
7.364000000000000000e+03
7.354000000000000000e+03
7.342000000000000000e+03
7.331000000000000000e+03
7.319000000000000000e+03
7.307000000000000000e+03
7.292000000000000000e+03
7.278000000000000000e+03
7.265000000000000000e+03
7.254000000000000000e+03
7.243000000000000000e+03
7.224000000000000000e+03
7.208000000000000000e+03
7.194000000000000000e+03
7.178000000000000000e+03
7.159000000000000000e+03
7.148000000000000000e+03
7.137000000000000000e+03
7.124000000000000000e+03
7.105000000000000000e+03
7.094000000000000000e+03
7.079000000000000000e+03
7.065000000000000000e+03
7.049000000000000000e+03
7.035000000000000000e+03
7.021000000000000000e+03
7.009000000000000000e+03
6.993000000000000000e+03
6.980000000000000000e+03
6.968000000000000000e+03
6.952000000000000000e+03
6.938000000000000000e+03
6.923000000000000000e+03
6.906000000000000000e+03
6.888000000000000000e+03
6.873000000000000000e+03
6.862000000000000000e+03
6.846000000000000000e+03
6.833000000000000000e+03
6.822000000000000000e+03
6.810000000000000000e+03
6.796000000000000000e+03
6.778000000000000000e+03
6.766000000000000000e+03
6.755000000000000000e+03
6.738000000000000000e+03
6.725000000000000000e+03
6.707000000000000000e+03
6.695000000000000000e+03
6.682000000000000000e+03
6.670000000000000000e+03
6.658000000000000000e+03
6.643000000000000000e+03
6.629000000000000000e+03
6.617000000000000000e+03
6.602000000000000000e+03
6.590000000000000000e+03
6.574000000000000000e+03
6.559000000000000000e+03
6.544000000000000000e+03
6.522000000000000000e+03
6.500000000000000000e+03
6.484000000000000000e+03
6.470000000000000000e+03
6.453000000000000000e+03
6.438000000000000000e+03
6.424000000000000000e+03
6.413000000000000000e+03
6.398000000000000000e+03
6.384000000000000000e+03
6.369000000000000000e+03
6.356000000000000000e+03
6.338000000000000000e+03
6.318000000000000000e+03
6.300000000000000000e+03
6.283000000000000000e+03
6.263000000000000000e+03
6.240000000000000000e+03
6.219000000000000000e+03
6.196000000000000000e+03
6.181000000000000000e+03
6.163000000000000000e+03
6.149000000000000000e+03
6.128000000000000000e+03
6.107000000000000000e+03
6.094000000000000000e+03
6.077000000000000000e+03
6.064000000000000000e+03
6.039000000000000000e+03
6.018000000000000000e+03
6.007000000000000000e+03
5.983000000000000000e+03
5.965000000000000000e+03
5.949000000000000000e+03
5.922000000000000000e+03
5.904000000000000000e+03
5.888000000000000000e+03
5.874000000000000000e+03
5.861000000000000000e+03
5.849000000000000000e+03
5.838000000000000000e+03
5.822000000000000000e+03
5.805000000000000000e+03
5.790000000000000000e+03
5.774000000000000000e+03
5.753000000000000000e+03
5.732000000000000000e+03
5.712000000000000000e+03
5.691000000000000000e+03
5.678000000000000000e+03
5.658000000000000000e+03
5.638000000000000000e+03
5.623000000000000000e+03
5.599000000000000000e+03
5.580000000000000000e+03
5.564000000000000000e+03
5.552000000000000000e+03
5.531000000000000000e+03
5.515000000000000000e+03
5.503000000000000000e+03
5.487000000000000000e+03
5.466000000000000000e+03
5.447000000000000000e+03
5.428000000000000000e+03
5.409000000000000000e+03
5.385000000000000000e+03
5.366000000000000000e+03
5.349000000000000000e+03
5.322000000000000000e+03
5.308000000000000000e+03
5.289000000000000000e+03
5.269000000000000000e+03
5.245000000000000000e+03
5.229000000000000000e+03
5.202000000000000000e+03
5.186000000000000000e+03
5.167000000000000000e+03
5.131000000000000000e+03
5.113000000000000000e+03
5.090000000000000000e+03
5.077000000000000000e+03
5.045000000000000000e+03
5.027000000000000000e+03
5.004000000000000000e+03
4.978000000000000000e+03
4.957000000000000000e+03
4.931000000000000000e+03
4.915000000000000000e+03
4.893000000000000000e+03
4.879000000000000000e+03
4.854000000000000000e+03
4.829000000000000000e+03
4.802000000000000000e+03
4.789000000000000000e+03
4.759000000000000000e+03
4.742000000000000000e+03
4.713000000000000000e+03
4.694000000000000000e+03
4.670000000000000000e+03
4.639000000000000000e+03
4.602000000000000000e+03
4.565000000000000000e+03
4.544000000000000000e+03
4.526000000000000000e+03
4.506000000000000000e+03
4.480000000000000000e+03
4.450000000000000000e+03
4.424000000000000000e+03
4.397000000000000000e+03
4.376000000000000000e+03
4.360000000000000000e+03
4.337000000000000000e+03
4.317000000000000000e+03
4.291000000000000000e+03
4.268000000000000000e+03
4.236000000000000000e+03
4.216000000000000000e+03
4.182000000000000000e+03
4.160000000000000000e+03
4.139000000000000000e+03
4.119000000000000000e+03
4.089000000000000000e+03
4.059000000000000000e+03
4.039000000000000000e+03
4.011000000000000000e+03
3.993000000000000000e+03
3.958000000000000000e+03
3.941000000000000000e+03
3.893000000000000000e+03
3.872000000000000000e+03
3.856000000000000000e+03
3.819000000000000000e+03
3.764000000000000000e+03
3.740000000000000000e+03
3.711000000000000000e+03
3.690000000000000000e+03
3.659000000000000000e+03
3.620000000000000000e+03
3.593000000000000000e+03
3.551000000000000000e+03
3.521000000000000000e+03
3.503000000000000000e+03
3.464000000000000000e+03
3.448000000000000000e+03
3.405000000000000000e+03
3.385000000000000000e+03
3.333000000000000000e+03
3.306000000000000000e+03
3.282000000000000000e+03
3.223000000000000000e+03
3.201000000000000000e+03
3.173000000000000000e+03
3.146000000000000000e+03
3.127000000000000000e+03
3.097000000000000000e+03
3.029000000000000000e+03
2.986000000000000000e+03
2.958000000000000000e+03
2.925000000000000000e+03
2.899000000000000000e+03
2.868000000000000000e+03
2.836000000000000000e+03
2.793000000000000000e+03
2.725000000000000000e+03
2.672000000000000000e+03
2.579000000000000000e+03
2.465000000000000000e+03
2.420000000000000000e+03
2.296000000000000000e+03
2.259000000000000000e+03
2.221000000000000000e+03
2.151000000000000000e+03
2.121000000000000000e+03
2.030000000000000000e+03
1.995000000000000000e+03
1.939000000000000000e+03
1.902000000000000000e+03
1.865000000000000000e+03
1.819000000000000000e+03
1.783000000000000000e+03
1.692000000000000000e+03
1.590000000000000000e+03
1.547000000000000000e+03
1.495000000000000000e+03
1.419000000000000000e+03
1.389000000000000000e+03
1.318000000000000000e+03
1.229000000000000000e+03
1.064000000000000000e+03
9.970000000000000000e+02
9.410000000000000000e+02
8.580000000000000000e+02
8.240000000000000000e+02
7.750000000000000000e+02
4.280000000000000000e+02
1.570000000000000000e+02
6.800000000000000000e+01
1.600000000000000000e+01
