3.358292494838179898e-04
2.996067661194682166e-04
3.013069187601220096e-04
3.023736330192007375e-04
3.036322001948306795e-04
3.048780487804878046e-04
3.059078452616149435e-04
3.069995906672124265e-04
3.082297338949964026e-04
3.099453721281624332e-04
3.111992842416462382e-04
3.125488357555868102e-04
3.140744618203232096e-04
3.147706109172940443e-04
3.162430327706842927e-04
3.180745884910011600e-04
3.197655052961161592e-04
3.208985158443642023e-04
3.222644448323553614e-04
3.232845712438374062e-04
3.248862897985704823e-04
3.263929499122819188e-04
3.272965306567750645e-04
3.292994154935374902e-04
3.306422726145537847e-04
3.319226620197494155e-04
3.330234365243454247e-04
3.343922420999832692e-04
3.354016434680530206e-04
3.367192322801503815e-04
3.380710230874336129e-04
3.389782630188839410e-04
3.400396712949844318e-04
2.985456561607028616e-04
2.997773082852738143e-04
3.008639092250605393e-04
3.023366302423012185e-04
3.036349440444174549e-04
3.047497424139081743e-04
2.622148413600209672e-04
2.634930393922093900e-04
2.640883815783682371e-04
2.654006074725015550e-04
2.664811168519697223e-04
2.675465976990992691e-04
2.685284640171858145e-04
2.695215991614883784e-04
2.703595782390579450e-04
2.715218801381744638e-04
2.725744658297621164e-04
2.734897289412908700e-04
2.748679106984699061e-04
2.762854950115118985e-04
2.776578021842413977e-04
2.785472214914656050e-04
2.796637819865450524e-04
2.804218791381700763e-04
2.815051140095711888e-04
2.826189354686764227e-04
2.839071938928408199e-04
2.848912664999525383e-04
2.862185755855554850e-04
2.875077866692222735e-04
2.888040304206912295e-04
2.899484536082474226e-04
2.910502061605626883e-04
2.924736773690368003e-04
2.938487658351835005e-04
2.951400275464025470e-04
2.965941109591524157e-04
2.980576575979864361e-04
2.995955460128826332e-04
3.007267563277921910e-04
2.521983287657413833e-04
2.532372157412253553e-04
2.544270303277020419e-04
2.553582676495122711e-04
2.562569402921329007e-04
2.569901315789473542e-04
2.582866982350408985e-04
2.596009068725013236e-04
2.606293329626604960e-04
2.617070277060506902e-04
2.628028803195682950e-04
2.638893775729214491e-04
2.650644990280968624e-04
2.663494149191185747e-04
2.677137247902909253e-04
2.692804825506247266e-04
2.701631785598501419e-04
2.717391304347826120e-04
2.728512960436562306e-04
2.745744096650192239e-04
2.759889604415823451e-04
2.774232924596349093e-04
2.783912696497837960e-04
2.795586700462203401e-04
2.810883741848437304e-04
2.826029616790383934e-04
2.838060280400355709e-04
2.851439977188480407e-04
2.866205526044253980e-04
2.879686690088118276e-04
2.894020952711697696e-04
2.905400170450143189e-04
2.915338567985695543e-04
2.932150047891784301e-04
2.946665357037619093e-04
2.960623704727129309e-04
2.972887268114793183e-04
2.985252850916472896e-04
2.999940001199975868e-04
3.011564407324124402e-04
3.026756527704911148e-04
3.043522369889418468e-04
3.057792273978187834e-04
3.072637142037772844e-04
3.090489533542113026e-04
2.484112033452708828e-04
2.499323099993751469e-04
2.511195747708533680e-04
2.530417729793559977e-04
2.538500592316805045e-04
2.554659059459689807e-04
2.568163335188117864e-04
2.578759616624403468e-04
2.591009198082653165e-04
2.602077325064509872e-04
2.614265173630778757e-04
2.627315321627183946e-04
2.637188756785266777e-04
2.647078287340348321e-04
2.661284957086780143e-04
2.674511901577961777e-04
2.687028370541212239e-04
2.698387713341278632e-04
2.715423606082548961e-04
2.726219415225935227e-04
2.737600949034995636e-04
2.749833864204037789e-04
2.765422994492199331e-04
2.776235424764020234e-04
2.791996277338297007e-04
2.812214384476576391e-04
2.823130852114995510e-04
2.837147720824664430e-04
2.847988608045567646e-04
2.857142857142857357e-04
2.870813397129186686e-04
2.883506343713956258e-04
2.896242125841720443e-04
2.910008002522006861e-04
2.925045703839122650e-04
2.940095553105475691e-04
2.949055073603499503e-04
2.966845501520508355e-04
2.982329696547953140e-04
2.996329496366950521e-04
3.008423586040914668e-04
3.026405387001588785e-04
3.043676761527925505e-04
3.058649606198863007e-04
3.075188355286761458e-04
3.090314439494218509e-04
3.100614955299467587e-04
3.117368940614121558e-04
3.132014407266273245e-04
3.154408285579096759e-04
3.167898627243928393e-04
3.189962252113349799e-04
3.205213814471540175e-04
3.227020921852309806e-04
3.245699448231093736e-04
3.262997607135087875e-04
3.277434860982137875e-04
3.296250515039143088e-04
3.312903760145767692e-04
3.333518528807156100e-04
3.359838727741068227e-04
3.385717913269192694e-04
3.406864832637765276e-04
3.428375521398777342e-04
3.452641270571987667e-04
3.475943573849317675e-04
3.496503496503496500e-04
3.520197131039338317e-04
3.540449637103911928e-04
3.561253561253561431e-04
3.580272697437121413e-04
3.596583245916379692e-04
3.611520751196315988e-04
3.635922918434129187e-04
3.652634462606154861e-04
3.670510506836326039e-04
3.688449007192475676e-04
3.706220273024893471e-04
3.728444927761379794e-04
3.746487667811426985e-04
3.764942114014997168e-04
3.789912516186084534e-04
3.810128591839974572e-04
3.825920612147298036e-04
3.859637837316264898e-04
3.881108703386267392e-04
3.904343582235236484e-04
3.919135177504164060e-04
3.940498473056841598e-04
3.958828186856690233e-04
3.987770836102618420e-04
4.003603242918626730e-04
4.027791763165844072e-04
4.056932283038642510e-04
4.077194889915738128e-04
4.096681687832855472e-04
4.114520829761700738e-04
4.138359140600751727e-04
3.114294612270321013e-04
3.133159268929504044e-04
3.149826759528225788e-04
3.164556962025316515e-04
3.186404673393520843e-04
3.203531003061151940e-04
3.237177181497733771e-04
3.252855284082694786e-04
3.277255844439589511e-04
3.297307199120718259e-04
3.320298088983988536e-04
3.341749591563938655e-04
3.364108698089933718e-04
3.385749755473629039e-04
3.398791540785498486e-04
3.419972640218878202e-04
3.440235465005160608e-04
3.459675559314215332e-04
3.478395300301460901e-04
3.499902780478319933e-04
3.516998827667057307e-04
3.543307086614173396e-04
3.566616469842276188e-04
3.587944506458300132e-04
3.620127911186195508e-04
3.636363636363636144e-04
3.662556464412159958e-04
3.685956505713232573e-04
3.705075954057058130e-04
3.733355456921225949e-04
2.506998704717336001e-04
2.519843769686279356e-04
2.539037704709915162e-04
2.553626149131767186e-04
2.569483105648580172e-04
2.583089374892371271e-04
2.600216684723727074e-04
2.611761633221608165e-04
2.628811777076761223e-04
2.640845070422534946e-04
2.653223666755107199e-04
2.675943270002675888e-04
2.691065662002152612e-04
2.712109569226596830e-04
2.727892702887019629e-04
2.743735138101335022e-04
2.759635728083893172e-04
2.792386093917252447e-04
2.805573739829795308e-04
2.827254735651682006e-04
2.842793518430778051e-04
2.864235249188466759e-04
2.884338044418805619e-04
2.905991185160071758e-04
2.918571845510263378e-04
2.945508100147275240e-04
2.967505811365547070e-04
2.985965959988056318e-04
3.006012024048096052e-04
3.028314742845606691e-04
3.044603440401887485e-04
3.063881938415972820e-04
3.080556553884068521e-04
3.098533360875851874e-04
3.124837248059996798e-04
3.149275666596683008e-04
3.186912413023848816e-04
3.202049311559397745e-04
3.221995489206315065e-04
3.237642995898985560e-04
3.267439960790720333e-04
3.290195218249616070e-04
3.306149437954595529e-04
3.333148158435642289e-04
3.354579000335457901e-04
3.378568613097584182e-04
3.404255319148936356e-04
3.418413855970829727e-04
3.442933379239111486e-04
3.458811321842393343e-04
3.487561032318065458e-04
3.512469265893923358e-04
3.544004725339633963e-04
3.562733804405914060e-04
3.595182455509616940e-04
3.616200578592092827e-04
3.631082062454611464e-04
3.666585186995844356e-04
3.696174459434485452e-04
3.714020427112348912e-04
3.739249657235447859e-04
3.766005523474767768e-04
3.788596325061564449e-04
3.812428516965306910e-04
3.839508542906507884e-04
3.870967741935483759e-04
3.895850918771508165e-04
3.924390084374386966e-04
3.950487226757967035e-04
3.972194637537239327e-04
4.002401440864518660e-04
4.033342296316214277e-04
4.063113699465023261e-04
4.089700770226978267e-04
4.114661911946234816e-04
4.149090657630869058e-04
4.178563966850058937e-04
4.206098843322817848e-04
4.243881737162258014e-04
4.278379920136908413e-04
4.303851947493006502e-04
4.329316689515838026e-04
4.357298474945533648e-04
4.385323783072650125e-04
4.424452474006341824e-04
4.483634733223733370e-04
4.518412531064086341e-04
4.567948229920060915e-04
4.610773841543072183e-04
4.660194174757281661e-04
4.688598890364929338e-04
4.726270185112248744e-04
4.767580452920143117e-04
4.818503051718599261e-04
4.863024801426487102e-04
4.898758981058132103e-04
4.946821667078902000e-04
4.971414367387521401e-04
5.012531328320801944e-04
5.072279989855439869e-04
5.119453924914675819e-04
5.172859729287007441e-04
5.204267499349466558e-04
5.234688536032106000e-04
5.278437582475587701e-04
5.339503426181364939e-04
5.376825880455237804e-04
5.430355688297583416e-04
5.478951693909232291e-04
5.526897568165070130e-04
5.559673832468494965e-04
5.620082427875609061e-04
5.674295441649328860e-04
5.746575998467579960e-04
5.800464037122969596e-04
5.848523247879910611e-04
5.910165484633569596e-04
5.980861244019138523e-04
6.044731009470078169e-04
6.111846796373637163e-04
6.164594677899928052e-04
6.238303181534622568e-04
6.310475389145982000e-04
6.376873206504410493e-04
6.454388984509466928e-04
6.516072980017376635e-04
6.579668823335891757e-04
6.635700066357000642e-04
6.687472135532768680e-04
6.749915626054674243e-04
6.799637352674524002e-04
6.850097043041442893e-04
6.942837306179124902e-04
6.983240223463687375e-04
7.089684509039347743e-04
7.152223149362260278e-04
0.000000000000000000e+00
0.000000000000000000e+00
0.000000000000000000e+00
0.000000000000000000e+00
0.000000000000000000e+00
0.000000000000000000e+00
0.000000000000000000e+00
0.000000000000000000e+00
0.000000000000000000e+00
0.000000000000000000e+00
0.000000000000000000e+00
0.000000000000000000e+00
0.000000000000000000e+00
0.000000000000000000e+00
0.000000000000000000e+00
0.000000000000000000e+00
0.000000000000000000e+00
0.000000000000000000e+00
0.000000000000000000e+00
0.000000000000000000e+00
0.000000000000000000e+00
0.000000000000000000e+00
0.000000000000000000e+00
0.000000000000000000e+00
0.000000000000000000e+00
0.000000000000000000e+00
0.000000000000000000e+00
0.000000000000000000e+00
0.000000000000000000e+00
0.000000000000000000e+00
0.000000000000000000e+00
0.000000000000000000e+00
0.000000000000000000e+00
0.000000000000000000e+00
0.000000000000000000e+00
0.000000000000000000e+00
0.000000000000000000e+00
0.000000000000000000e+00
0.000000000000000000e+00
0.000000000000000000e+00
0.000000000000000000e+00
0.000000000000000000e+00
0.000000000000000000e+00
0.000000000000000000e+00
0.000000000000000000e+00
0.000000000000000000e+00
0.000000000000000000e+00
0.000000000000000000e+00
0.000000000000000000e+00
0.000000000000000000e+00
0.000000000000000000e+00
0.000000000000000000e+00
0.000000000000000000e+00
0.000000000000000000e+00
0.000000000000000000e+00
0.000000000000000000e+00
0.000000000000000000e+00
0.000000000000000000e+00
0.000000000000000000e+00
0.000000000000000000e+00
0.000000000000000000e+00
0.000000000000000000e+00
0.000000000000000000e+00
0.000000000000000000e+00
0.000000000000000000e+00
0.000000000000000000e+00
0.000000000000000000e+00
0.000000000000000000e+00
0.000000000000000000e+00
0.000000000000000000e+00
0.000000000000000000e+00
0.000000000000000000e+00
0.000000000000000000e+00
0.000000000000000000e+00
0.000000000000000000e+00
0.000000000000000000e+00
0.000000000000000000e+00
0.000000000000000000e+00
0.000000000000000000e+00
