2.608533631451462418e-04
2.617866314293550004e-04
2.625820568927789817e-04
2.633426966292134758e-04
2.642739388142909375e-04
2.272641187833794249e-04
2.279115703107194334e-04
2.284524882283509506e-04
2.293314986813438762e-04
2.301996342383589309e-04
2.310120896326907857e-04
2.316691764160778392e-04
2.323270131781044682e-04
2.329252827454126782e-04
2.337389136334714127e-04
2.345399108748338641e-04
2.353371858902282728e-04
2.362483757924164368e-04
2.369980250164582076e-04
2.376865178925128652e-04
2.384295440697273847e-04
2.392916965781287386e-04
2.401761291613850233e-04
2.412642245365716404e-04
2.423491713004725793e-04
2.430199276340659956e-04
2.434472125294165259e-04
2.443461026796622392e-04
2.452249257513418996e-04
2.460125466398786417e-04
2.469881171272537653e-04
2.477393781741607905e-04
2.488043568407375533e-04
2.493972898827832483e-04
2.497779751332149158e-04
2.505288943324796794e-04
2.511055619881980591e-04
2.520761269903510726e-04
2.527557396615881242e-04
2.534568700892731396e-04
2.544385389573674021e-04
2.550803503103477640e-04
2.559617763747280405e-04
2.566149635036496469e-04
2.571538780233438462e-04
2.579129114069149517e-04
2.585426810876028801e-04
2.592016588906168994e-04
2.600667504659529309e-04
2.607901942886947265e-04
2.616887648290300164e-04
2.626740215392697839e-04
2.636281086147807613e-04
2.643443525766231319e-04
2.651660233935358626e-04
2.657885799506814290e-04
2.667417495294971972e-04
2.676460529641800441e-04
2.687650247114508955e-04
2.700108004320172692e-04
2.714072465734835128e-04
2.720512665497853782e-04
2.728761142441331637e-04
2.737892431248479218e-04
2.746875429199285997e-04
2.753556677374942806e-04
2.761202043289511985e-04
2.769486414130535351e-04
2.782286111755158972e-04
2.793339437297289026e-04
2.802646944336317585e-04
2.812456055374134602e-04
2.821007099534533660e-04
2.832058906825261836e-04
2.840640090900483175e-04
2.848371680855777614e-04
2.858549444964982554e-04
2.867018141853686390e-04
2.875950661468651935e-04
2.883044494986706217e-04
2.896545065413642754e-04
2.908855850032320586e-04
2.918619168842118681e-04
2.929401425642027363e-04
2.941945606694560756e-04
2.954840192392928222e-04
2.965012848389009595e-04
2.978012342206707349e-04
2.987353536694659518e-04
2.994709346820617060e-04
3.003353745015267307e-04
3.013258336681398034e-04
3.020539669754329290e-04
3.030711206896551818e-04
3.040848734669054508e-04
3.051261187957689225e-04
3.064664419246092416e-04
3.073035817939700240e-04
3.081769620599917963e-04
3.091137023235046577e-04
3.101256008683516731e-04
3.109828786648468398e-04
3.123481640869022130e-04
3.133159268929504044e-04
3.141416080559870038e-04
2.624671916010498651e-04
2.631348127357249571e-04
2.638800928857926728e-04
2.647417003476940957e-04
2.654914246269845309e-04
2.667188250146695265e-04
2.674511901577961777e-04
2.686054007592579129e-04
2.696241439433429686e-04
2.706408775981524037e-04
2.719509763040049493e-04
2.728165581463024491e-04
2.735130009846467938e-04
2.741628893113028163e-04
2.749871672655276292e-04
2.762125731963318881e-04
2.776132662126147370e-04
2.786136186336788268e-04
2.793556197038830555e-04
2.805311389564241545e-04
2.813783788853664288e-04
2.823316832614955908e-04
2.832914691495590134e-04
2.844734396631834494e-04
2.855456777902571925e-04
2.866808095866062904e-04
2.874554444061170407e-04
2.883340061126809530e-04
2.895193977996525568e-04
2.905963036150180086e-04
2.920674481093500489e-04
2.930832356389214332e-04
2.941061134857456821e-04
2.951361561467023267e-04
2.961792871951821711e-04
2.971473851030111048e-04
2.980389040116036749e-04
2.990072957780169930e-04
2.998860433035446370e-04
3.007760020853802573e-04
3.017319413433106078e-04
3.026512247286227276e-04
3.036929057337220644e-04
3.045437933974905567e-04
2.451881819296309988e-04
2.458663716270207355e-04
2.465989889441453243e-04
2.474737059187461538e-04
2.483289530865219474e-04
2.493661942562653134e-04
2.500520941862888246e-04
2.509882662985505426e-04
2.518045996306865790e-04
2.525199385534816093e-04
2.533623292443468785e-04
2.539682539682539572e-04
2.550803503103477640e-04
1.923693491503687062e-04
1.928516328104911423e-04
1.934111275868738412e-04
1.940156937138915252e-04
1.945651468966859009e-04
1.954015501856314779e-04
1.961767334394140744e-04
1.965237138614726084e-04
1.972386587771203092e-04
1.978021978021978129e-04
1.982902969948003896e-04
1.989697787013905721e-04
1.997824591000910252e-04
2.007002207702428525e-04
2.015632348659604554e-04
2.021290931141355720e-04
2.029586866317878489e-04
2.035968781812012136e-04
2.046896677204394104e-04
2.054559981737244523e-04
2.064078159759649689e-04
2.069774394590989468e-04
2.076124567474048484e-04
2.082128397917871543e-04
2.088942530869928465e-04
2.095899024242565392e-04
2.105952826656682958e-04
2.113817319209901932e-04
2.124495432334820404e-04
2.132246677248927967e-04
2.138122728244601183e-04
2.149407718761941176e-04
2.158118120998489271e-04
2.166273528137486191e-04
2.174228149007102447e-04
2.180972228953618043e-04
2.190687145534649246e-04
2.195925338538489661e-04
2.205558006175562381e-04
2.212606942668895625e-04
2.225024104427797986e-04
2.233416879668461720e-04
2.242431792699638648e-04
2.250393818918310768e-04
2.257279727119961845e-04
2.266831221822028432e-04
2.276809431050621059e-04
2.291242362525458304e-04
2.299437915176290315e-04
2.311960542540074013e-04
2.318332861080343193e-04
2.325942006512637548e-04
2.335963455149501784e-04
2.343078805550493455e-04
2.354726459276313940e-04
2.364376724024694646e-04
2.373668108450258378e-04
2.382149757814774492e-04
2.393298763462305666e-04
2.402626872046771265e-04
1.609269391696170051e-04
1.614987080103359241e-04
1.622674167027261002e-04
1.628134158254640289e-04
1.636438019909995894e-04
1.644105880418698972e-04
1.650891481399955956e-04
1.656451880072883846e-04
1.663708961845607735e-04
1.670564650851987952e-04
1.680531047811108290e-04
1.687099313912945615e-04
1.693097804616513352e-04
1.699331596238812660e-04
1.707310132885638551e-04
1.711937913718329044e-04
1.718656010999398379e-04
1.725228592788544363e-04
1.734154166305384515e-04
1.741098633237573006e-04
1.748557440111907560e-04
1.755566609123094428e-04
1.764394518614362305e-04
1.769650494027429479e-04
1.778093883357041336e-04
1.786033220217896024e-04
1.792382374906646876e-04
1.800072002880115309e-04
1.805380032496840489e-04
1.811867733655443029e-04
1.821161901293024820e-04
1.829993595022417379e-04
1.840264998159734972e-04
1.848542732146158101e-04
1.853396348809192894e-04
1.860176716788094868e-04
1.865787673362771348e-04
1.873887379368500018e-04
1.882884579175296569e-04
1.892266935789075439e-04
1.898493861536514450e-04
1.904580516141319798e-04
1.914547369092823746e-04
1.925792784696366596e-04
1.935046924887928667e-04
1.943005181347150169e-04
1.953061423781777867e-04
1.966374987710156402e-04
1.978891820580474864e-04
1.990445859872611565e-04
1.997802417340925022e-04
2.003941084132126581e-04
2.014166302997750981e-04
2.022517359940672851e-04
2.034381039568711191e-04
2.042344611614133065e-04
2.051141802269930263e-04
2.058742794400219721e-04
2.069036863340115227e-04
2.074688796680497873e-04
2.081454242697564733e-04
2.089645805036046452e-04
2.101061035823090684e-04
2.109630463063886748e-04
2.118120521057648229e-04
2.128263337116912540e-04
2.137437212781874484e-04
2.146229789669480670e-04
2.157962883038411737e-04
2.165674066053059046e-04
2.177621311653903503e-04
2.189940871596466850e-04
2.197802197802197800e-04
2.209537838335481408e-04
2.222469163240360169e-04
2.231810742449040377e-04
2.240728983829405954e-04
2.253605769230769356e-04
2.264407291391478294e-04
2.272296913463359082e-04
2.277990812103724574e-04
2.289901534234027949e-04
2.301495972382048226e-04
2.308669052291353928e-04
2.316691764160778392e-04
2.330187580100198078e-04
2.348244687096395550e-04
2.362855905170716344e-04
2.375579047392801873e-04
2.383411456264399844e-04
2.392249112874287220e-04
2.398369109005875962e-04
2.407608041410858241e-04
2.419647538008630136e-04
2.432103769760843249e-04
2.439718619119261617e-04
2.450880274498590857e-04
2.468932598140070964e-04
2.484163457955533257e-04
2.504800868330967845e-04
2.516250786328370621e-04
2.528764698444809444e-04
2.537534362444491555e-04
2.549611184294394870e-04
2.562788313685289529e-04
2.575549450549450615e-04
2.584313218762113867e-04
2.595717066839714308e-04
2.612899011453207430e-04
2.622721510687590365e-04
2.643404705260375188e-04
2.649825553151084366e-04
2.669751713090682470e-04
2.681803960130514229e-04
2.696023365535834757e-04
2.713336046669380061e-04
2.720718269623180452e-04
2.733360666940002574e-04
2.752041097147050704e-04
2.766889554991929824e-04
2.776620852422601623e-04
2.786291446085260729e-04
2.799290846318932321e-04
2.812939521800281346e-04
2.832058906825261836e-04
2.843332385555871256e-04
2.866698518872431772e-04
2.887669650591972483e-04
2.902898059896463333e-04
2.919423900350330840e-04
2.944785276073619697e-04
2.957559027948932894e-04
2.975157435414290427e-04
2.990430622009569261e-04
2.999999999999999737e-04
3.014318010550112855e-04
3.029537995455693035e-04
3.045221539867025082e-04
1.532567049808429061e-04
1.542813062483928922e-04
1.546870166030731150e-04
1.554404145077720081e-04
1.559656875487392845e-04
1.573234044784729163e-04
1.580361375967971453e-04
1.588478237848141457e-04
1.594557244605081280e-04
1.604449673761899604e-04
0.000000000000000000e+00
0.000000000000000000e+00
0.000000000000000000e+00
0.000000000000000000e+00
0.000000000000000000e+00
0.000000000000000000e+00
0.000000000000000000e+00
0.000000000000000000e+00
0.000000000000000000e+00
0.000000000000000000e+00
0.000000000000000000e+00
0.000000000000000000e+00
0.000000000000000000e+00
0.000000000000000000e+00
0.000000000000000000e+00
0.000000000000000000e+00
0.000000000000000000e+00
0.000000000000000000e+00
0.000000000000000000e+00
0.000000000000000000e+00
0.000000000000000000e+00
0.000000000000000000e+00
0.000000000000000000e+00
0.000000000000000000e+00
0.000000000000000000e+00
0.000000000000000000e+00
0.000000000000000000e+00
0.000000000000000000e+00
0.000000000000000000e+00
0.000000000000000000e+00
0.000000000000000000e+00
0.000000000000000000e+00
0.000000000000000000e+00
0.000000000000000000e+00
0.000000000000000000e+00
0.000000000000000000e+00
0.000000000000000000e+00
0.000000000000000000e+00
0.000000000000000000e+00
0.000000000000000000e+00
0.000000000000000000e+00
0.000000000000000000e+00
0.000000000000000000e+00
0.000000000000000000e+00
0.000000000000000000e+00
0.000000000000000000e+00
0.000000000000000000e+00
0.000000000000000000e+00
0.000000000000000000e+00
0.000000000000000000e+00
0.000000000000000000e+00
0.000000000000000000e+00
0.000000000000000000e+00
0.000000000000000000e+00
0.000000000000000000e+00
0.000000000000000000e+00
0.000000000000000000e+00
0.000000000000000000e+00
0.000000000000000000e+00
0.000000000000000000e+00
0.000000000000000000e+00
0.000000000000000000e+00
0.000000000000000000e+00
0.000000000000000000e+00
0.000000000000000000e+00
0.000000000000000000e+00
0.000000000000000000e+00
0.000000000000000000e+00
0.000000000000000000e+00
0.000000000000000000e+00
0.000000000000000000e+00
0.000000000000000000e+00
0.000000000000000000e+00
0.000000000000000000e+00
0.000000000000000000e+00
0.000000000000000000e+00
0.000000000000000000e+00
0.000000000000000000e+00
0.000000000000000000e+00
0.000000000000000000e+00
0.000000000000000000e+00
0.000000000000000000e+00
0.000000000000000000e+00
0.000000000000000000e+00
0.000000000000000000e+00
0.000000000000000000e+00
0.000000000000000000e+00
0.000000000000000000e+00
0.000000000000000000e+00
0.000000000000000000e+00
0.000000000000000000e+00
0.000000000000000000e+00
0.000000000000000000e+00
0.000000000000000000e+00
0.000000000000000000e+00
0.000000000000000000e+00
0.000000000000000000e+00
0.000000000000000000e+00
0.000000000000000000e+00
0.000000000000000000e+00
0.000000000000000000e+00
0.000000000000000000e+00
0.000000000000000000e+00
0.000000000000000000e+00
0.000000000000000000e+00
0.000000000000000000e+00
0.000000000000000000e+00
0.000000000000000000e+00
0.000000000000000000e+00
0.000000000000000000e+00
0.000000000000000000e+00
0.000000000000000000e+00
0.000000000000000000e+00
0.000000000000000000e+00
0.000000000000000000e+00
0.000000000000000000e+00
0.000000000000000000e+00
0.000000000000000000e+00
0.000000000000000000e+00
0.000000000000000000e+00
0.000000000000000000e+00
0.000000000000000000e+00
0.000000000000000000e+00
0.000000000000000000e+00
0.000000000000000000e+00
0.000000000000000000e+00
0.000000000000000000e+00
0.000000000000000000e+00
0.000000000000000000e+00
0.000000000000000000e+00
0.000000000000000000e+00
0.000000000000000000e+00
0.000000000000000000e+00
0.000000000000000000e+00
0.000000000000000000e+00
0.000000000000000000e+00
0.000000000000000000e+00
0.000000000000000000e+00
0.000000000000000000e+00
0.000000000000000000e+00
0.000000000000000000e+00
0.000000000000000000e+00
0.000000000000000000e+00
0.000000000000000000e+00
0.000000000000000000e+00
0.000000000000000000e+00
0.000000000000000000e+00
0.000000000000000000e+00
0.000000000000000000e+00
0.000000000000000000e+00
0.000000000000000000e+00
0.000000000000000000e+00
0.000000000000000000e+00
0.000000000000000000e+00
0.000000000000000000e+00
0.000000000000000000e+00
0.000000000000000000e+00
0.000000000000000000e+00
0.000000000000000000e+00
0.000000000000000000e+00
0.000000000000000000e+00
0.000000000000000000e+00
0.000000000000000000e+00
0.000000000000000000e+00
0.000000000000000000e+00
0.000000000000000000e+00
0.000000000000000000e+00
0.000000000000000000e+00
0.000000000000000000e+00
0.000000000000000000e+00
0.000000000000000000e+00
0.000000000000000000e+00
0.000000000000000000e+00
0.000000000000000000e+00
0.000000000000000000e+00
0.000000000000000000e+00
0.000000000000000000e+00
0.000000000000000000e+00
0.000000000000000000e+00
0.000000000000000000e+00
0.000000000000000000e+00
0.000000000000000000e+00
0.000000000000000000e+00
0.000000000000000000e+00
0.000000000000000000e+00
0.000000000000000000e+00
0.000000000000000000e+00
0.000000000000000000e+00
0.000000000000000000e+00
0.000000000000000000e+00
0.000000000000000000e+00
0.000000000000000000e+00
0.000000000000000000e+00
0.000000000000000000e+00
0.000000000000000000e+00
0.000000000000000000e+00
0.000000000000000000e+00
0.000000000000000000e+00
0.000000000000000000e+00
0.000000000000000000e+00
0.000000000000000000e+00
0.000000000000000000e+00
0.000000000000000000e+00
0.000000000000000000e+00
0.000000000000000000e+00
0.000000000000000000e+00
0.000000000000000000e+00
0.000000000000000000e+00
0.000000000000000000e+00
0.000000000000000000e+00
0.000000000000000000e+00
0.000000000000000000e+00
0.000000000000000000e+00
0.000000000000000000e+00
0.000000000000000000e+00
0.000000000000000000e+00
0.000000000000000000e+00
0.000000000000000000e+00
0.000000000000000000e+00
0.000000000000000000e+00
0.000000000000000000e+00
0.000000000000000000e+00
0.000000000000000000e+00
0.000000000000000000e+00
0.000000000000000000e+00
0.000000000000000000e+00
0.000000000000000000e+00
0.000000000000000000e+00
0.000000000000000000e+00
0.000000000000000000e+00
0.000000000000000000e+00
0.000000000000000000e+00
0.000000000000000000e+00
0.000000000000000000e+00
0.000000000000000000e+00
