1.000000000000000000e+04
9.990000000000000000e+03
9.980000000000000000e+03
9.970000000000000000e+03
9.960000000000000000e+03
9.950000000000000000e+03
9.940000000000000000e+03
9.930000000000000000e+03
9.920000000000000000e+03
9.910000000000000000e+03
9.900000000000000000e+03
9.890000000000000000e+03
9.880000000000000000e+03
9.870000000000000000e+03
9.860000000000000000e+03
9.850000000000000000e+03
9.840000000000000000e+03
9.830000000000000000e+03
9.820000000000000000e+03
9.810000000000000000e+03
9.800000000000000000e+03
9.790000000000000000e+03
9.780000000000000000e+03
9.770000000000000000e+03
9.760000000000000000e+03
9.750000000000000000e+03
9.740000000000000000e+03
9.729000000000000000e+03
9.719000000000000000e+03
9.709000000000000000e+03
9.697000000000000000e+03
9.687000000000000000e+03
9.676000000000000000e+03
9.666000000000000000e+03
9.656000000000000000e+03
9.645000000000000000e+03
9.634000000000000000e+03
9.623000000000000000e+03
9.613000000000000000e+03
9.603000000000000000e+03
9.593000000000000000e+03
9.581000000000000000e+03
9.570000000000000000e+03
9.557000000000000000e+03
9.547000000000000000e+03
9.537000000000000000e+03
9.527000000000000000e+03
9.516000000000000000e+03
9.504000000000000000e+03
9.493000000000000000e+03
9.483000000000000000e+03
9.472000000000000000e+03
9.460000000000000000e+03
9.449000000000000000e+03
9.439000000000000000e+03
9.429000000000000000e+03
9.418000000000000000e+03
9.408000000000000000e+03
9.397000000000000000e+03
9.387000000000000000e+03
9.377000000000000000e+03
9.366000000000000000e+03
9.356000000000000000e+03
9.345000000000000000e+03
9.335000000000000000e+03
9.325000000000000000e+03
9.315000000000000000e+03
9.305000000000000000e+03
9.295000000000000000e+03
9.284000000000000000e+03
9.274000000000000000e+03
9.263000000000000000e+03
9.253000000000000000e+03
9.242000000000000000e+03
9.229000000000000000e+03
9.219000000000000000e+03
9.209000000000000000e+03
9.199000000000000000e+03
9.189000000000000000e+03
9.178000000000000000e+03
9.168000000000000000e+03
9.158000000000000000e+03
9.148000000000000000e+03
9.138000000000000000e+03
9.128000000000000000e+03
9.116000000000000000e+03
9.105000000000000000e+03
9.095000000000000000e+03
9.084000000000000000e+03
9.072000000000000000e+03
9.062000000000000000e+03
9.051000000000000000e+03
9.040000000000000000e+03
9.028000000000000000e+03
9.018000000000000000e+03
9.007000000000000000e+03
8.996000000000000000e+03
8.985000000000000000e+03
8.975000000000000000e+03
8.964000000000000000e+03
8.954000000000000000e+03
8.944000000000000000e+03
8.932000000000000000e+03
8.922000000000000000e+03
8.911000000000000000e+03
8.901000000000000000e+03
8.890000000000000000e+03
8.877000000000000000e+03
8.865000000000000000e+03
8.854000000000000000e+03
8.842000000000000000e+03
8.829000000000000000e+03
8.816000000000000000e+03
8.806000000000000000e+03
8.793000000000000000e+03
8.781000000000000000e+03
8.770000000000000000e+03
8.758000000000000000e+03
8.746000000000000000e+03
8.735000000000000000e+03
8.725000000000000000e+03
8.715000000000000000e+03
8.704000000000000000e+03
8.691000000000000000e+03
8.681000000000000000e+03
8.669000000000000000e+03
8.658000000000000000e+03
8.648000000000000000e+03
8.637000000000000000e+03
8.626000000000000000e+03
8.616000000000000000e+03
8.605000000000000000e+03
8.594000000000000000e+03
8.579000000000000000e+03
8.568000000000000000e+03
8.557000000000000000e+03
8.540000000000000000e+03
8.528000000000000000e+03
8.517000000000000000e+03
8.507000000000000000e+03
8.495000000000000000e+03
8.479000000000000000e+03
8.467000000000000000e+03
8.455000000000000000e+03
8.445000000000000000e+03
8.435000000000000000e+03
8.423000000000000000e+03
8.413000000000000000e+03
8.400000000000000000e+03
8.390000000000000000e+03
8.379000000000000000e+03
8.367000000000000000e+03
8.355000000000000000e+03
8.342000000000000000e+03
8.330000000000000000e+03
8.314000000000000000e+03
8.296000000000000000e+03
8.286000000000000000e+03
8.274000000000000000e+03
8.260000000000000000e+03
8.249000000000000000e+03
8.239000000000000000e+03
8.227000000000000000e+03
8.215000000000000000e+03
8.203000000000000000e+03
8.179000000000000000e+03
8.166000000000000000e+03
8.151000000000000000e+03
8.141000000000000000e+03
8.131000000000000000e+03
8.115000000000000000e+03
8.105000000000000000e+03
8.093000000000000000e+03
8.080000000000000000e+03
8.070000000000000000e+03
8.060000000000000000e+03
8.050000000000000000e+03
8.039000000000000000e+03
8.025000000000000000e+03
8.012000000000000000e+03
7.998000000000000000e+03
7.987000000000000000e+03
7.974000000000000000e+03
7.964000000000000000e+03
7.954000000000000000e+03
7.942000000000000000e+03
7.931000000000000000e+03
7.920000000000000000e+03
7.907000000000000000e+03
7.895000000000000000e+03
7.884000000000000000e+03
7.871000000000000000e+03
7.859000000000000000e+03
7.846000000000000000e+03
7.833000000000000000e+03
7.820000000000000000e+03
7.809000000000000000e+03
7.793000000000000000e+03
7.779000000000000000e+03
7.765000000000000000e+03
7.753000000000000000e+03
7.742000000000000000e+03
7.731000000000000000e+03
7.719000000000000000e+03
7.707000000000000000e+03
7.686000000000000000e+03
7.674000000000000000e+03
7.662000000000000000e+03
7.651000000000000000e+03
7.637000000000000000e+03
7.627000000000000000e+03
7.616000000000000000e+03
7.598000000000000000e+03
7.588000000000000000e+03
7.576000000000000000e+03
7.562000000000000000e+03
7.546000000000000000e+03
7.536000000000000000e+03
7.522000000000000000e+03
7.510000000000000000e+03
7.500000000000000000e+03
7.487000000000000000e+03
7.476000000000000000e+03
7.462000000000000000e+03
7.451000000000000000e+03
7.439000000000000000e+03
7.424000000000000000e+03
7.411000000000000000e+03
7.400000000000000000e+03
7.389000000000000000e+03
7.377000000000000000e+03
7.366000000000000000e+03
7.353000000000000000e+03
7.342000000000000000e+03
7.326000000000000000e+03
7.309000000000000000e+03
7.295000000000000000e+03
7.285000000000000000e+03
7.271000000000000000e+03
7.251000000000000000e+03
7.240000000000000000e+03
7.222000000000000000e+03
7.211000000000000000e+03
7.197000000000000000e+03
7.187000000000000000e+03
7.176000000000000000e+03
7.164000000000000000e+03
7.152000000000000000e+03
7.141000000000000000e+03
7.130000000000000000e+03
7.119000000000000000e+03
7.100000000000000000e+03
7.089000000000000000e+03
7.076000000000000000e+03
7.065000000000000000e+03
7.049000000000000000e+03
7.034000000000000000e+03
7.024000000000000000e+03
7.010000000000000000e+03
6.998000000000000000e+03
6.980000000000000000e+03
6.954000000000000000e+03
6.939000000000000000e+03
6.927000000000000000e+03
6.913000000000000000e+03
6.896000000000000000e+03
6.882000000000000000e+03
6.868000000000000000e+03
6.856000000000000000e+03
6.845000000000000000e+03
6.831000000000000000e+03
6.817000000000000000e+03
6.803000000000000000e+03
6.786000000000000000e+03
6.774000000000000000e+03
6.758000000000000000e+03
6.743000000000000000e+03
6.731000000000000000e+03
6.721000000000000000e+03
6.706000000000000000e+03
6.694000000000000000e+03
6.683000000000000000e+03
6.670000000000000000e+03
6.648000000000000000e+03
6.633000000000000000e+03
6.618000000000000000e+03
6.606000000000000000e+03
6.593000000000000000e+03
6.577000000000000000e+03
6.565000000000000000e+03
6.547000000000000000e+03
6.530000000000000000e+03
6.517000000000000000e+03
6.504000000000000000e+03
6.491000000000000000e+03
6.478000000000000000e+03
6.463000000000000000e+03
6.447000000000000000e+03
6.433000000000000000e+03
6.418000000000000000e+03
6.407000000000000000e+03
6.392000000000000000e+03
6.378000000000000000e+03
6.360000000000000000e+03
6.349000000000000000e+03
6.334000000000000000e+03
6.315000000000000000e+03
6.303000000000000000e+03
6.290000000000000000e+03
6.279000000000000000e+03
6.266000000000000000e+03
6.255000000000000000e+03
6.245000000000000000e+03
6.231000000000000000e+03
6.219000000000000000e+03
6.206000000000000000e+03
6.192000000000000000e+03
6.180000000000000000e+03
6.170000000000000000e+03
6.156000000000000000e+03
6.146000000000000000e+03
6.127000000000000000e+03
6.116000000000000000e+03
6.094000000000000000e+03
6.082000000000000000e+03
6.067000000000000000e+03
6.056000000000000000e+03
6.044000000000000000e+03
6.032000000000000000e+03
6.021000000000000000e+03
6.007000000000000000e+03
5.993000000000000000e+03
5.980000000000000000e+03
5.969000000000000000e+03
5.958000000000000000e+03
5.941000000000000000e+03
5.927000000000000000e+03
5.909000000000000000e+03
5.898000000000000000e+03
5.882000000000000000e+03
5.871000000000000000e+03
5.857000000000000000e+03
5.845000000000000000e+03
5.832000000000000000e+03
5.821000000000000000e+03
5.799000000000000000e+03
5.787000000000000000e+03
5.775000000000000000e+03
5.755000000000000000e+03
5.738000000000000000e+03
5.724000000000000000e+03
5.705000000000000000e+03
5.691000000000000000e+03
5.675000000000000000e+03
5.663000000000000000e+03
5.651000000000000000e+03
5.638000000000000000e+03
5.624000000000000000e+03
5.612000000000000000e+03
5.592000000000000000e+03
5.580000000000000000e+03
5.568000000000000000e+03
5.557000000000000000e+03
5.544000000000000000e+03
5.527000000000000000e+03
5.514000000000000000e+03
5.503000000000000000e+03
5.486000000000000000e+03
5.472000000000000000e+03
5.456000000000000000e+03
5.428000000000000000e+03
5.416000000000000000e+03
5.403000000000000000e+03
5.389000000000000000e+03
5.377000000000000000e+03
5.363000000000000000e+03
5.321000000000000000e+03
5.304000000000000000e+03
5.287000000000000000e+03
5.270000000000000000e+03
5.257000000000000000e+03
5.242000000000000000e+03
5.223000000000000000e+03
5.208000000000000000e+03
5.190000000000000000e+03
5.131000000000000000e+03
5.100000000000000000e+03
5.086000000000000000e+03
5.062000000000000000e+03
5.049000000000000000e+03
5.033000000000000000e+03
5.017000000000000000e+03
5.004000000000000000e+03
4.983000000000000000e+03
4.972000000000000000e+03
4.958000000000000000e+03
4.940000000000000000e+03
4.923000000000000000e+03
4.907000000000000000e+03
4.891000000000000000e+03
4.874000000000000000e+03
4.858000000000000000e+03
4.827000000000000000e+03
4.809000000000000000e+03
4.788000000000000000e+03
4.770000000000000000e+03
4.759000000000000000e+03
4.747000000000000000e+03
4.733000000000000000e+03
4.720000000000000000e+03
4.705000000000000000e+03
4.683000000000000000e+03
4.669000000000000000e+03
4.655000000000000000e+03
4.638000000000000000e+03
4.611000000000000000e+03
4.597000000000000000e+03
4.584000000000000000e+03
4.571000000000000000e+03
4.555000000000000000e+03
4.537000000000000000e+03
4.523000000000000000e+03
4.505000000000000000e+03
4.487000000000000000e+03
4.471000000000000000e+03
4.457000000000000000e+03
4.446000000000000000e+03
4.434000000000000000e+03
4.421000000000000000e+03
4.410000000000000000e+03
4.393000000000000000e+03
4.376000000000000000e+03
4.363000000000000000e+03
4.343000000000000000e+03
4.327000000000000000e+03
4.314000000000000000e+03
4.302000000000000000e+03
4.282000000000000000e+03
4.262000000000000000e+03
4.242000000000000000e+03
4.224000000000000000e+03
4.208000000000000000e+03
4.196000000000000000e+03
4.178000000000000000e+03
4.161000000000000000e+03
4.144000000000000000e+03
4.127000000000000000e+03
4.111000000000000000e+03
4.088000000000000000e+03
4.074000000000000000e+03
4.060000000000000000e+03
4.039000000000000000e+03
4.021000000000000000e+03
4.009000000000000000e+03
3.989000000000000000e+03
3.974000000000000000e+03
3.955000000000000000e+03
3.941000000000000000e+03
3.926000000000000000e+03
3.915000000000000000e+03
3.901000000000000000e+03
3.888000000000000000e+03
3.872000000000000000e+03
3.856000000000000000e+03
3.833000000000000000e+03
3.811000000000000000e+03
3.753000000000000000e+03
3.739000000000000000e+03
3.728000000000000000e+03
3.678000000000000000e+03
3.665000000000000000e+03
3.651000000000000000e+03
3.630000000000000000e+03
3.613000000000000000e+03
3.598000000000000000e+03
3.580000000000000000e+03
3.567000000000000000e+03
3.554000000000000000e+03
3.539000000000000000e+03
3.521000000000000000e+03
3.502000000000000000e+03
3.491000000000000000e+03
3.475000000000000000e+03
3.455000000000000000e+03
3.441000000000000000e+03
3.426000000000000000e+03
3.413000000000000000e+03
3.400000000000000000e+03
3.387000000000000000e+03
3.352000000000000000e+03
3.340000000000000000e+03
3.321000000000000000e+03
3.298000000000000000e+03
3.281000000000000000e+03
3.258000000000000000e+03
3.243000000000000000e+03
3.224000000000000000e+03
3.209000000000000000e+03
3.187000000000000000e+03
3.170000000000000000e+03
3.148000000000000000e+03
3.133000000000000000e+03
3.113000000000000000e+03
3.093000000000000000e+03
3.083000000000000000e+03
3.069000000000000000e+03
3.050000000000000000e+03
3.034000000000000000e+03
3.009000000000000000e+03
2.992000000000000000e+03
2.969000000000000000e+03
2.956000000000000000e+03
2.945000000000000000e+03
2.931000000000000000e+03
2.920000000000000000e+03
2.904000000000000000e+03
2.890000000000000000e+03
2.877000000000000000e+03
2.846000000000000000e+03
2.830000000000000000e+03
2.817000000000000000e+03
2.807000000000000000e+03
2.772000000000000000e+03
2.756000000000000000e+03
2.740000000000000000e+03
2.725000000000000000e+03
2.711000000000000000e+03
2.699000000000000000e+03
2.680000000000000000e+03
2.665000000000000000e+03
2.633000000000000000e+03
2.616000000000000000e+03
2.588000000000000000e+03
2.568000000000000000e+03
2.553000000000000000e+03
2.537000000000000000e+03
2.517000000000000000e+03
2.497000000000000000e+03
2.478000000000000000e+03
2.461000000000000000e+03
2.444000000000000000e+03
2.418000000000000000e+03
2.399000000000000000e+03
2.372000000000000000e+03
2.358000000000000000e+03
2.338000000000000000e+03
2.312000000000000000e+03
2.288000000000000000e+03
2.252000000000000000e+03
2.241000000000000000e+03
2.214000000000000000e+03
2.179000000000000000e+03
2.161000000000000000e+03
2.130000000000000000e+03
2.114000000000000000e+03
2.088000000000000000e+03
2.063000000000000000e+03
2.043000000000000000e+03
1.977000000000000000e+03
1.932000000000000000e+03
1.918000000000000000e+03
1.887000000000000000e+03
1.867000000000000000e+03
1.855000000000000000e+03
1.837000000000000000e+03
1.798000000000000000e+03
1.778000000000000000e+03
1.763000000000000000e+03
1.721000000000000000e+03
1.695000000000000000e+03
1.653000000000000000e+03
1.629000000000000000e+03
1.612000000000000000e+03
1.545000000000000000e+03
1.473000000000000000e+03
1.443000000000000000e+03
1.416000000000000000e+03
1.371000000000000000e+03
1.349000000000000000e+03
1.332000000000000000e+03
1.279000000000000000e+03
1.261000000000000000e+03
1.244000000000000000e+03
1.228000000000000000e+03
1.198000000000000000e+03
1.166000000000000000e+03
1.142000000000000000e+03
1.107000000000000000e+03
1.069000000000000000e+03
1.051000000000000000e+03
1.033000000000000000e+03
1.023000000000000000e+03
9.990000000000000000e+02
9.530000000000000000e+02
9.420000000000000000e+02
9.120000000000000000e+02
8.670000000000000000e+02
7.630000000000000000e+02
7.200000000000000000e+02
7.070000000000000000e+02
6.860000000000000000e+02
6.700000000000000000e+02
6.410000000000000000e+02
6.180000000000000000e+02
3.940000000000000000e+02
3.780000000000000000e+02
2.450000000000000000e+02
1.550000000000000000e+02
8.900000000000000000e+01
4.500000000000000000e+01
1.100000000000000000e+01
