1.000000000000000000e+04
9.990000000000000000e+03
9.980000000000000000e+03
9.970000000000000000e+03
9.960000000000000000e+03
9.947000000000000000e+03
9.936000000000000000e+03
9.921000000000000000e+03
9.910000000000000000e+03
9.896000000000000000e+03
9.886000000000000000e+03
9.876000000000000000e+03
9.865000000000000000e+03
9.854000000000000000e+03
9.835000000000000000e+03
9.825000000000000000e+03
9.814000000000000000e+03
9.802000000000000000e+03
9.788000000000000000e+03
9.778000000000000000e+03
9.767000000000000000e+03
9.757000000000000000e+03
9.743000000000000000e+03
9.732000000000000000e+03
9.722000000000000000e+03
9.705000000000000000e+03
9.693000000000000000e+03
9.682000000000000000e+03
9.670000000000000000e+03
9.656000000000000000e+03
9.644000000000000000e+03
9.625000000000000000e+03
9.611000000000000000e+03
9.596000000000000000e+03
9.585000000000000000e+03
9.572000000000000000e+03
9.551000000000000000e+03
9.535000000000000000e+03
9.517000000000000000e+03
9.504000000000000000e+03
9.490000000000000000e+03
9.479000000000000000e+03
9.467000000000000000e+03
9.453000000000000000e+03
9.439000000000000000e+03
9.424000000000000000e+03
9.414000000000000000e+03
9.402000000000000000e+03
9.386000000000000000e+03
9.370000000000000000e+03
9.357000000000000000e+03
9.340000000000000000e+03
9.324000000000000000e+03
9.312000000000000000e+03
9.296000000000000000e+03
9.271000000000000000e+03
9.256000000000000000e+03
9.237000000000000000e+03
9.223000000000000000e+03
9.208000000000000000e+03
9.194000000000000000e+03
9.168000000000000000e+03
9.153000000000000000e+03
9.140000000000000000e+03
9.127000000000000000e+03
9.108000000000000000e+03
9.091000000000000000e+03
9.067000000000000000e+03
9.055000000000000000e+03
9.042000000000000000e+03
9.028000000000000000e+03
9.015000000000000000e+03
8.998000000000000000e+03
8.983000000000000000e+03
8.968000000000000000e+03
8.957000000000000000e+03
8.945000000000000000e+03
8.923000000000000000e+03
8.904000000000000000e+03
8.889000000000000000e+03
8.871000000000000000e+03
8.854000000000000000e+03
8.829000000000000000e+03
8.807000000000000000e+03
8.790000000000000000e+03
8.776000000000000000e+03
8.760000000000000000e+03
8.746000000000000000e+03
8.728000000000000000e+03
8.711000000000000000e+03
8.694000000000000000e+03
8.665000000000000000e+03
8.649000000000000000e+03
8.631000000000000000e+03
8.618000000000000000e+03
8.603000000000000000e+03
8.581000000000000000e+03
8.565000000000000000e+03
8.555000000000000000e+03
8.534000000000000000e+03
8.507000000000000000e+03
8.492000000000000000e+03
8.477000000000000000e+03
8.462000000000000000e+03
8.436000000000000000e+03
8.409000000000000000e+03
8.392000000000000000e+03
8.370000000000000000e+03
8.341000000000000000e+03
8.327000000000000000e+03
8.305000000000000000e+03
8.284000000000000000e+03
8.249000000000000000e+03
8.228000000000000000e+03
8.207000000000000000e+03
8.188000000000000000e+03
8.167000000000000000e+03
8.147000000000000000e+03
8.133000000000000000e+03
8.105000000000000000e+03
8.083000000000000000e+03
8.069000000000000000e+03
8.054000000000000000e+03
8.033000000000000000e+03
8.010000000000000000e+03
7.987000000000000000e+03
7.960000000000000000e+03
7.942000000000000000e+03
7.925000000000000000e+03
7.910000000000000000e+03
7.893000000000000000e+03
7.857000000000000000e+03
7.825000000000000000e+03
7.811000000000000000e+03
7.799000000000000000e+03
7.786000000000000000e+03
7.772000000000000000e+03
7.752000000000000000e+03
7.720000000000000000e+03
7.696000000000000000e+03
7.684000000000000000e+03
7.657000000000000000e+03
7.634000000000000000e+03
7.605000000000000000e+03
7.581000000000000000e+03
7.567000000000000000e+03
7.541000000000000000e+03
7.523000000000000000e+03
7.476000000000000000e+03
7.455000000000000000e+03
7.436000000000000000e+03
7.424000000000000000e+03
7.400000000000000000e+03
7.379000000000000000e+03
7.361000000000000000e+03
7.327000000000000000e+03
7.310000000000000000e+03
7.289000000000000000e+03
7.273000000000000000e+03
7.241000000000000000e+03
7.225000000000000000e+03
7.195000000000000000e+03
7.156000000000000000e+03
7.119000000000000000e+03
7.080000000000000000e+03
7.056000000000000000e+03
7.026000000000000000e+03
7.006000000000000000e+03
6.989000000000000000e+03
6.964000000000000000e+03
6.941000000000000000e+03
6.909000000000000000e+03
6.884000000000000000e+03
6.870000000000000000e+03
6.846000000000000000e+03
6.814000000000000000e+03
6.782000000000000000e+03
6.760000000000000000e+03
6.734000000000000000e+03
6.704000000000000000e+03
6.685000000000000000e+03
6.643000000000000000e+03
6.619000000000000000e+03
6.603000000000000000e+03
6.577000000000000000e+03
6.552000000000000000e+03
6.535000000000000000e+03
6.516000000000000000e+03
6.483000000000000000e+03
6.466000000000000000e+03
6.446000000000000000e+03
6.429000000000000000e+03
6.406000000000000000e+03
6.374000000000000000e+03
6.333000000000000000e+03
6.303000000000000000e+03
6.281000000000000000e+03
6.243000000000000000e+03
6.213000000000000000e+03
6.201000000000000000e+03
6.167000000000000000e+03
6.135000000000000000e+03
6.109000000000000000e+03
6.090000000000000000e+03
6.032000000000000000e+03
5.991000000000000000e+03
5.947000000000000000e+03
5.913000000000000000e+03
5.885000000000000000e+03
5.862000000000000000e+03
5.817000000000000000e+03
5.793000000000000000e+03
5.775000000000000000e+03
5.741000000000000000e+03
5.712000000000000000e+03
5.675000000000000000e+03
5.647000000000000000e+03
5.612000000000000000e+03
5.561000000000000000e+03
5.520000000000000000e+03
5.498000000000000000e+03
5.473000000000000000e+03
5.453000000000000000e+03
5.417000000000000000e+03
5.398000000000000000e+03
5.345000000000000000e+03
5.320000000000000000e+03
5.281000000000000000e+03
5.252000000000000000e+03
5.213000000000000000e+03
5.169000000000000000e+03
5.127000000000000000e+03
5.072000000000000000e+03
5.024000000000000000e+03
4.981000000000000000e+03
4.954000000000000000e+03
4.918000000000000000e+03
4.859000000000000000e+03
4.841000000000000000e+03
4.805000000000000000e+03
4.767000000000000000e+03
4.730000000000000000e+03
4.698000000000000000e+03
4.634000000000000000e+03
4.584000000000000000e+03
4.530000000000000000e+03
4.483000000000000000e+03
4.464000000000000000e+03
4.443000000000000000e+03
4.415000000000000000e+03
4.397000000000000000e+03
4.353000000000000000e+03
4.305000000000000000e+03
4.267000000000000000e+03
4.251000000000000000e+03
4.209000000000000000e+03
4.181000000000000000e+03
4.130000000000000000e+03
4.098000000000000000e+03
4.040000000000000000e+03
4.008000000000000000e+03
3.983000000000000000e+03
3.928000000000000000e+03
3.856000000000000000e+03
3.794000000000000000e+03
3.755000000000000000e+03
3.716000000000000000e+03
3.568000000000000000e+03
3.522000000000000000e+03
3.465000000000000000e+03
3.447000000000000000e+03
3.409000000000000000e+03
3.313000000000000000e+03
3.266000000000000000e+03
3.225000000000000000e+03
3.198000000000000000e+03
3.175000000000000000e+03
3.130000000000000000e+03
3.086000000000000000e+03
3.030000000000000000e+03
2.970000000000000000e+03
2.911000000000000000e+03
2.861000000000000000e+03
2.824000000000000000e+03
2.750000000000000000e+03
2.678000000000000000e+03
2.640000000000000000e+03
2.600000000000000000e+03
2.440000000000000000e+03
2.408000000000000000e+03
2.363000000000000000e+03
2.329000000000000000e+03
2.277000000000000000e+03
2.243000000000000000e+03
2.200000000000000000e+03
2.117000000000000000e+03
2.024000000000000000e+03
1.917000000000000000e+03
1.722000000000000000e+03
1.661000000000000000e+03
1.569000000000000000e+03
1.512000000000000000e+03
1.465000000000000000e+03
1.181000000000000000e+03
1.079000000000000000e+03
9.790000000000000000e+02
9.380000000000000000e+02
8.610000000000000000e+02
7.710000000000000000e+02
7.260000000000000000e+02
6.670000000000000000e+02
5.840000000000000000e+02
5.070000000000000000e+02
4.660000000000000000e+02
2.700000000000000000e+02
2.310000000000000000e+02
1.020000000000000000e+02
2.000000000000000000e+01
