1.405036769237089740e-03
1.355912524982791963e-03
1.361011473199521746e-03
1.365568114622639452e-03
1.380104991164748419e-03
1.387494970330732614e-03
1.281690277602462328e-03
1.034115361313639979e-03
1.023573689431995278e-03
1.022113859225109956e-03
1.024114700846494785e-03
1.015981551065167892e-03
9.851778051129058723e-04
9.774402300916772580e-04
7.859733978234582355e-04
7.736786383255965646e-04
7.775466357466835404e-04
7.592287330456015714e-04
7.525975066723343283e-04
7.563819728963126461e-04
7.600923371431789069e-04
7.632724599988692429e-04
7.685848076403022913e-04
7.757951900698215573e-04
7.773978765520964075e-04
7.984976414745590268e-04
7.717392126746817037e-04
7.434195751666886282e-04
7.449540999635282691e-04
7.499707042693644831e-04
7.290000940645282408e-04
7.355849086451000897e-04
7.384351526893331418e-04
7.442798492233079202e-04
7.471079691516709174e-04
7.507083296336058888e-04
4.613046781721480503e-04
4.718246662534346120e-04
4.833619243491200012e-04
4.586016471442493168e-04
4.608383417500335811e-04
4.625480616345292034e-04
4.642076555579195902e-04
4.671896595355356304e-04
4.686813455060293660e-04
4.699018101009309976e-04
4.503017021404340757e-04
4.543160020191822578e-04
4.594555961691613446e-04
4.617136759590818830e-04
4.652701668768998268e-04
4.693660429313474200e-04
4.774789113480821081e-04
4.791413786494601876e-04
3.885045811165190196e-04
3.972545298051245646e-04
4.011142061281337086e-04
4.044353072023187858e-04
3.727886852985698267e-04
3.775743707093821779e-04
3.809128055959554106e-04
3.667930064800098032e-04
3.324754645421074085e-04
3.348588012054917067e-04
2.992966528657654661e-04
3.012464070089997136e-04
3.091110481440457591e-04
3.106635255132420568e-04
3.119719225269725906e-04
3.133159268929504044e-04
2.776345536032998854e-04
2.785810936297789735e-04
2.849466742652446635e-04
2.868029663621092127e-04
2.876554709330995333e-04
2.886121876803826223e-04
2.900792883388126232e-04
2.959497167338425729e-04
3.001243372254219863e-04
3.026067409254002121e-04
3.053967976964355865e-04
2.628466289919831832e-04
2.682563338301043217e-04
2.707825616030327519e-04
2.717145186124445412e-04
2.730251183108846173e-04
2.743358785606511046e-04
2.752882880127244529e-04
2.765444237889658750e-04
2.325761686952477027e-04
2.342981209290701417e-04
2.452984464431725458e-04
2.465118572203323002e-04
2.483238142537869553e-04
2.490866821653935428e-04
2.501292334372759419e-04
2.526741345910890201e-04
2.037316853703672215e-04
2.042831364270879517e-04
2.081129359532439603e-04
2.097095522701059023e-04
2.104967723828234561e-04
2.134927412467976066e-04
2.142971944925620956e-04
2.186110908693434469e-04
2.235469448584202681e-04
2.245424946671157468e-04
2.267959403526676810e-04
2.286323972106847429e-04
2.294630564479118915e-04
2.332134875133611875e-04
2.343612678944593164e-04
2.369481083642682240e-04
2.391438649634309145e-04
2.409493404011806450e-04
2.424340377388985439e-04
2.441704309608106458e-04
2.456801244779297194e-04
2.464419937157291359e-04
2.482416218452627391e-04
2.499010808221745466e-04
2.515301416953131695e-04
2.532340093274526777e-04
2.551291591368130374e-04
2.573285012759204851e-04
1.941203114552552680e-04
1.948262799004221160e-04
1.969753343109146215e-04
1.978195885352558331e-04
1.986316486426837301e-04
2.001067235859124856e-04
1.433075379764975669e-04
1.454827602929052938e-04
1.466419004790302163e-04
1.471670345842531272e-04
1.477614145692754714e-04
1.484670774255808664e-04
1.492054808146619214e-04
0.000000000000000000e+00
0.000000000000000000e+00
0.000000000000000000e+00
0.000000000000000000e+00
0.000000000000000000e+00
0.000000000000000000e+00
0.000000000000000000e+00
0.000000000000000000e+00
0.000000000000000000e+00
0.000000000000000000e+00
0.000000000000000000e+00
0.000000000000000000e+00
0.000000000000000000e+00
0.000000000000000000e+00
0.000000000000000000e+00
0.000000000000000000e+00
0.000000000000000000e+00
0.000000000000000000e+00
0.000000000000000000e+00
0.000000000000000000e+00
0.000000000000000000e+00
0.000000000000000000e+00
0.000000000000000000e+00
0.000000000000000000e+00
0.000000000000000000e+00
0.000000000000000000e+00
0.000000000000000000e+00
0.000000000000000000e+00
0.000000000000000000e+00
0.000000000000000000e+00
0.000000000000000000e+00
0.000000000000000000e+00
0.000000000000000000e+00
0.000000000000000000e+00
0.000000000000000000e+00
0.000000000000000000e+00
0.000000000000000000e+00
0.000000000000000000e+00
0.000000000000000000e+00
0.000000000000000000e+00
0.000000000000000000e+00
0.000000000000000000e+00
0.000000000000000000e+00
0.000000000000000000e+00
0.000000000000000000e+00
0.000000000000000000e+00
0.000000000000000000e+00
0.000000000000000000e+00
0.000000000000000000e+00
0.000000000000000000e+00
0.000000000000000000e+00
0.000000000000000000e+00
0.000000000000000000e+00
0.000000000000000000e+00
0.000000000000000000e+00
0.000000000000000000e+00
0.000000000000000000e+00
0.000000000000000000e+00
0.000000000000000000e+00
0.000000000000000000e+00
0.000000000000000000e+00
0.000000000000000000e+00
0.000000000000000000e+00
0.000000000000000000e+00
0.000000000000000000e+00
0.000000000000000000e+00
0.000000000000000000e+00
0.000000000000000000e+00
0.000000000000000000e+00
0.000000000000000000e+00
0.000000000000000000e+00
0.000000000000000000e+00
0.000000000000000000e+00
0.000000000000000000e+00
0.000000000000000000e+00
0.000000000000000000e+00
0.000000000000000000e+00
0.000000000000000000e+00
0.000000000000000000e+00
0.000000000000000000e+00
0.000000000000000000e+00
0.000000000000000000e+00
0.000000000000000000e+00
0.000000000000000000e+00
0.000000000000000000e+00
0.000000000000000000e+00
0.000000000000000000e+00
0.000000000000000000e+00
0.000000000000000000e+00
0.000000000000000000e+00
0.000000000000000000e+00
0.000000000000000000e+00
0.000000000000000000e+00
0.000000000000000000e+00
0.000000000000000000e+00
0.000000000000000000e+00
0.000000000000000000e+00
0.000000000000000000e+00
0.000000000000000000e+00
0.000000000000000000e+00
0.000000000000000000e+00
0.000000000000000000e+00
0.000000000000000000e+00
0.000000000000000000e+00
0.000000000000000000e+00
0.000000000000000000e+00
0.000000000000000000e+00
0.000000000000000000e+00
0.000000000000000000e+00
0.000000000000000000e+00
0.000000000000000000e+00
0.000000000000000000e+00
0.000000000000000000e+00
0.000000000000000000e+00
0.000000000000000000e+00
0.000000000000000000e+00
0.000000000000000000e+00
0.000000000000000000e+00
0.000000000000000000e+00
0.000000000000000000e+00
0.000000000000000000e+00
0.000000000000000000e+00
0.000000000000000000e+00
0.000000000000000000e+00
0.000000000000000000e+00
0.000000000000000000e+00
0.000000000000000000e+00
0.000000000000000000e+00
0.000000000000000000e+00
0.000000000000000000e+00
0.000000000000000000e+00
0.000000000000000000e+00
0.000000000000000000e+00
0.000000000000000000e+00
0.000000000000000000e+00
0.000000000000000000e+00
0.000000000000000000e+00
0.000000000000000000e+00
0.000000000000000000e+00
0.000000000000000000e+00
0.000000000000000000e+00
0.000000000000000000e+00
0.000000000000000000e+00
0.000000000000000000e+00
0.000000000000000000e+00
0.000000000000000000e+00
0.000000000000000000e+00
0.000000000000000000e+00
0.000000000000000000e+00
0.000000000000000000e+00
0.000000000000000000e+00
0.000000000000000000e+00
0.000000000000000000e+00
0.000000000000000000e+00
0.000000000000000000e+00
0.000000000000000000e+00
0.000000000000000000e+00
0.000000000000000000e+00
0.000000000000000000e+00
0.000000000000000000e+00
0.000000000000000000e+00
0.000000000000000000e+00
0.000000000000000000e+00
0.000000000000000000e+00
0.000000000000000000e+00
0.000000000000000000e+00
0.000000000000000000e+00
0.000000000000000000e+00
0.000000000000000000e+00
0.000000000000000000e+00
0.000000000000000000e+00
0.000000000000000000e+00
0.000000000000000000e+00
0.000000000000000000e+00
0.000000000000000000e+00
0.000000000000000000e+00
0.000000000000000000e+00
0.000000000000000000e+00
0.000000000000000000e+00
0.000000000000000000e+00
