1.405036769237089740e-03
1.416999854985394932e-03
1.419870717034712147e-03
1.424252267559531155e-03
1.420359321579406061e-03
1.425855513307984837e-03
1.430343535606693481e-03
1.431986955823835988e-03
1.435345922601405626e-03
1.437043505538340184e-03
1.440665000764954767e-03
1.442522499521286866e-03
1.444747978844457227e-03
1.446591335814016895e-03
1.448897512939637802e-03
1.454729587654967314e-03
1.459514614520232957e-03
1.462852605733173852e-03
1.469039664070929865e-03
1.470760500318881803e-03
1.471871621533612151e-03
1.473118840277415614e-03
1.476455114022403713e-03
1.480737311085874057e-03
1.484485159527416899e-03
1.475561020596372497e-03
1.477403638985867870e-03
1.481011319157939186e-03
1.484387188802460634e-03
1.491387572665956156e-03
1.502056870669746030e-03
1.507182880574992620e-03
1.511444768721717166e-03
1.513787742410604726e-03
1.515999945369371407e-03
1.517720411288558295e-03
1.521159187253325485e-03
1.524599620910364536e-03
1.526948578974881036e-03
1.529276693455797979e-03
1.530872597380506786e-03
1.533142112605374819e-03
1.536665389957683975e-03
1.529838810619862845e-03
1.522395981247061207e-03
1.525236364993260135e-03
1.528994791130895052e-03
1.534354046330923182e-03
1.536531386120469633e-03
1.539707502660350811e-03
1.545638887707207875e-03
1.547613976799988534e-03
1.551181886749491328e-03
1.553038398518201803e-03
1.559169777854067405e-03
1.561716455333476538e-03
1.565027615319083748e-03
1.553331032102174677e-03
1.554986033921732349e-03
1.545104041818890633e-03
1.534986098239110325e-03
1.538856116953064975e-03
1.542723246122573678e-03
1.533309319600073897e-03
1.534631517921085852e-03
1.536023406070949728e-03
1.537627952611770894e-03
1.539311072777650247e-03
1.545913634958260337e-03
1.548657338669236260e-03
1.539858648872744450e-03
1.542759660790664258e-03
1.546453071097188617e-03
1.549794602542259314e-03
1.554442866751363887e-03
1.556808542487899891e-03
1.563071435370502965e-03
1.567815560569438705e-03
1.570641093407838113e-03
1.574127796977876524e-03
1.577255171577052976e-03
1.580987610529782823e-03
1.584037773208437977e-03
1.567992457238898477e-03
1.571527617286803784e-03
1.560415904912477742e-03
1.561944233951409683e-03
1.550411634288903755e-03
1.552465574075894946e-03
1.540656205420827323e-03
1.543225913724838045e-03
1.548165137614678985e-03
1.537737329358230100e-03
1.542545935338992874e-03
1.545627556331290002e-03
1.549864518645818973e-03
1.551393879909449209e-03
1.560012734797835152e-03
1.565236835240189309e-03
1.570521210049199024e-03
1.575284113741942660e-03
1.576965574948775489e-03
1.581138204386314024e-03
1.585196208469476795e-03
1.588081824025409407e-03
1.591641176948271766e-03
1.595588793973667409e-03
1.598947087904019652e-03
1.601647408763299347e-03
1.606373039159440796e-03
1.611709563358276493e-03
1.585667329196650214e-03
1.589798791090502690e-03
1.593272847975215831e-03
1.599218160010661529e-03
1.606309225680868733e-03
1.614639397201291784e-03
1.618759625437008820e-03
1.622297578946182636e-03
1.626567265333785095e-03
1.629825812366303243e-03
1.633551329245673707e-03
1.637200841339321242e-03
1.641081746384491719e-03
1.643732414060761118e-03
1.647323956551830599e-03
1.637488724310100056e-03
1.642878553805713704e-03
1.646599339049247771e-03
1.655773420479302776e-03
1.659263054324854525e-03
1.680097622514487195e-03
1.686650017162403701e-03
1.690511780197878752e-03
1.694320755726507009e-03
1.683702713030187223e-03
1.644606604009185395e-03
1.651214560043053840e-03
1.658466471336171198e-03
1.661875950192962231e-03
1.667634306325892907e-03
1.670947179503047943e-03
1.677946193858716878e-03
1.672921848860596137e-03
1.675620042172908889e-03
1.679340340019246352e-03
1.665352468064974084e-03
1.668984700973574417e-03
1.670960105827473284e-03
1.675350141833619865e-03
1.676488518593781700e-03
1.679357264174347790e-03
1.683823810799433543e-03
1.688929832642407534e-03
1.691082741347613508e-03
1.705102240804860433e-03
1.708383515735455811e-03
1.690705705804100957e-03
1.694425471549414154e-03
1.698620035815864241e-03
1.680185018020807991e-03
1.681958195093958891e-03
1.688070965179398926e-03
1.690611470964576649e-03
1.693901952969310495e-03
1.400015555728397008e-03
1.407932919818220266e-03
1.409807561267886885e-03
1.415116589883488743e-03
1.417635384179189101e-03
1.420252804999289770e-03
1.422868661317734391e-03
1.425257140142367415e-03
1.431035990555162406e-03
1.434800283771611642e-03
1.438929436499244551e-03
1.441349102760183581e-03
1.447585347219429788e-03
1.450665291221057106e-03
1.454557208543099441e-03
1.458647347692906132e-03
1.461299907451005936e-03
1.464903357070193330e-03
1.468440760652314032e-03
1.472163835477512768e-03
1.451700211603759684e-03
1.454766620914119514e-03
1.456298697558848542e-03
1.440230436869899223e-03
1.443528181984104564e-03
1.422984105850045710e-03
1.426307448494453303e-03
1.428822099115132933e-03
1.430938394336496488e-03
1.393416319016332634e-03
1.395278040860505964e-03
1.398743673863838679e-03
1.402345741968383372e-03
1.408534867640405400e-03
1.414912318312395480e-03
1.417745012115275566e-03
1.419110690633869441e-03
1.420809258509786368e-03
1.399834093737038505e-03
1.403083318898319708e-03
1.291331389015777003e-03
1.295907752525697794e-03
1.300390117035110562e-03
1.303873479923009417e-03
1.306864148360196553e-03
1.309856895906474526e-03
1.311223898170530387e-03
1.315730588498545449e-03
1.318208312783033598e-03
1.323585024580864640e-03
1.326319778405348490e-03
1.331799197296538312e-03
1.337835255144295124e-03
1.315969842357779399e-03
1.319273300290423317e-03
1.324028356273963553e-03
1.335249663869442216e-03
1.338302400579930969e-03
1.345077855721718389e-03
1.347923355580309124e-03
1.352442849897627676e-03
1.360248623220577458e-03
1.364993601592492511e-03
1.368002052003077949e-03
1.370697532744441158e-03
1.378795277626174154e-03
1.381692573402417898e-03
1.357335386984982566e-03
1.362871890042335931e-03
1.306232311437449233e-03
1.313694267515923492e-03
1.321189070163146734e-03
1.323693103759488983e-03
1.329921212243335288e-03
1.346746383169751364e-03
1.348824376935103125e-03
1.352653044494087336e-03
1.358164420207840341e-03
1.364566750056856901e-03
1.306931925442645368e-03
1.308492740980746454e-03
1.314485420687496776e-03
1.318308798141812430e-03
1.321572041409257341e-03
1.325980804849301179e-03
1.328987754327120739e-03
1.339983622422392592e-03
1.345521336124044310e-03
1.347881899871630328e-03
1.353572464468722749e-03
1.324531837222575224e-03
1.328164649224157457e-03
1.332596613254461012e-03
1.305383619611213269e-03
1.308814868136901934e-03
1.314060446780551932e-03
1.198885741487323593e-03
1.202759271269382684e-03
1.205545509342977658e-03
1.143742181449931578e-03
1.148627629280432605e-03
1.152059907115170071e-03
1.153735217767522248e-03
1.156264302748536690e-03
1.159728430259247562e-03
1.164553890944380367e-03
1.169149078686168661e-03
1.172791243158717838e-03
1.176528261189274021e-03
1.178376785977316293e-03
1.185141291063293925e-03
1.188118811881188090e-03
1.190490953508848045e-03
1.193361924296102968e-03
1.127014538487546404e-03
1.130852159927625512e-03
1.095538513845340260e-03
1.097058118860572791e-03
1.106884311505235488e-03
1.110331184991385266e-03
1.078665536636104396e-03
1.081108908852222760e-03
1.084150748580278798e-03
1.088167474156022515e-03
1.090413448432530621e-03
1.092228275709623310e-03
1.057261822406118995e-03
1.059072722993645516e-03
1.061932980229692144e-03
1.025843361609784891e-03
9.904782028763486814e-04
9.976720984369803671e-04
1.003049269780131609e-03
1.009475611069236573e-03
1.014651568651325124e-03
1.016452985661236595e-03
9.795518550263255120e-04
9.845480650895665695e-04
9.563542114235817383e-04
9.615786613152723337e-04
9.650754577115123805e-04
9.740672247554244597e-04
9.779188752515660318e-04
9.821225233432020942e-04
9.858410367047192296e-04
9.878876385190275920e-04
9.899995695654044761e-04
9.930343676242013237e-04
9.992903590204057530e-04
9.594417793283907796e-04
9.616785662246831248e-04
9.648699618437788124e-04
9.663674831983835260e-04
9.712595470398658042e-04
9.734656853345919920e-04
9.771263602043082572e-04
9.417462666487286293e-04
9.455058456274106730e-04
9.666876371392183745e-04
9.705596894208993455e-04
9.761690786823266431e-04
9.800566254939174944e-04
9.814001308533508352e-04
9.839291571006887182e-04
9.880183175459507014e-04
9.902079436681704080e-04
9.955909543450432858e-04
9.992703740126257939e-04
1.001557979078566626e-03
1.004416242845527054e-03
1.010651950718685849e-03
9.645681949713844809e-04
9.667751603235474195e-04
9.689922480620154904e-04
9.754511461550967148e-04
9.787289573274175324e-04
9.824952103358495451e-04
9.878331879023362957e-04
9.905566928613881300e-04
9.938711280437302533e-04
9.998000399920015883e-04
1.002255073916311729e-03
1.004537159503758733e-03
1.009778017132567087e-03
1.014730504490182414e-03
1.019177523738343076e-03
9.716185118895423033e-04
9.750256585699623680e-04
9.831654477714915803e-04
9.867396046117093717e-04
9.900990099009901110e-04
9.939491167803022730e-04
9.980913691362131284e-04
1.000807669347192515e-03
1.010172615460957742e-03
1.018439108061749542e-03
1.023431187718825720e-03
1.028955159217271979e-03
1.035290698730406776e-03
1.046466797628008583e-03
1.055907524730465702e-03
1.058476165716514114e-03
1.066876298500757988e-03
1.071267478574650491e-03
1.074782215182713049e-03
1.049950419007991296e-03
1.056565379874386049e-03
1.062552881682768922e-03
1.067932364283595429e-03
1.072215713916962933e-03
1.018696069031639487e-03
8.149036829119225009e-04
8.181074447777475023e-04
8.240814925031475849e-04
8.283669665661888256e-04
7.642958056372605846e-04
7.661056297156123348e-04
7.700205338809035195e-04
7.717673472251455804e-04
7.754305989613929830e-04
4.918301546532597747e-04
5.020360350309589033e-04
5.047814016096918363e-04
5.096984284298456888e-04
5.136253388500498828e-04
5.153458543289052068e-04
5.184779790880548155e-04
5.210142410559221674e-04
5.255321012525181927e-04
5.272716620774503191e-04
5.303164221318720697e-04
5.334597830596881805e-04
5.369447841780270120e-04
5.395036566358949511e-04
5.421686746987951959e-04
5.451736983977950330e-04
5.469960798614276979e-04
5.522319374137137429e-04
5.551100968358724805e-04
5.570685813320128826e-04
5.592667391642069420e-04
5.616925669350308513e-04
5.638567803777840438e-04
5.658953722334004229e-04
5.673043587884900492e-04
5.690619961430242336e-04
5.714648549114229471e-04
5.756131879377058636e-04
5.785363031530228045e-04
5.807763043267834702e-04
5.835251402081239680e-04
5.853658536585365632e-04
5.874865367668657837e-04
5.906093119401516298e-04
5.963621906371136460e-04
5.985833527318678822e-04
6.026516673362796069e-04
6.053879527797396357e-04
6.172627824834539404e-04
6.221699906674500909e-04
6.251085257857266764e-04
6.263701847792045325e-04
6.293266205160478717e-04
6.362222536406051364e-04
6.411169682290924479e-04
6.484383443207608014e-04
6.512301013024601650e-04
6.586892084751344622e-04
6.618377026877964855e-04
6.648199445983380036e-04
6.668148477439431350e-04
6.695681285570807221e-04
6.742835737029406447e-04
6.783237865541151242e-04
6.818440092427743241e-04
6.862632963513668393e-04
6.917489719841666065e-04
6.943908649023995076e-04
6.962980155506556324e-04
6.995452955578873935e-04
7.041702527188796251e-04
7.092478033019425235e-04
7.123916571021489961e-04
7.165319851916723435e-04
7.179609907861673199e-04
7.214139713839125018e-04
7.231529468482584535e-04
7.260406582768635280e-04
7.277431875151612641e-04
7.323026851098453707e-04
7.344840249724568114e-04
7.374933420739951959e-04
7.401315789473684450e-04
7.431567647908839678e-04
7.461139896373056605e-04
7.513775254633494943e-04
7.586613841355474737e-04
7.675906183368869703e-04
7.720682851505533380e-04
7.867476725381353925e-04
7.922186523480481083e-04
4.753102719831001056e-04
4.782909071584205696e-04
4.811033303041642060e-04
5.154048791661894075e-04
5.183734592788849212e-04
5.216484089723526099e-04
5.272098881143460081e-04
5.322924059616749399e-04
5.347911343514172083e-04
5.372813563369351324e-04
5.388576218416956569e-04
5.434454441156934788e-04
5.472455308281648674e-04
5.511666360462979478e-04
5.553156043684827955e-04
5.594231725509696881e-04
5.624648459471282523e-04
5.649717514124293983e-04
5.667149423839808100e-04
5.713922925528537892e-04
3.832151753209427233e-04
3.855297821756730955e-04
3.877221324717285860e-04
3.908285565398645061e-04
3.926958570587080546e-04
4.005875283749499045e-04
4.036598493003229460e-04
4.066142586066684894e-04
4.110152075626798064e-04
4.127966976264189772e-04
4.155124653739611981e-04
4.173913043478261046e-04
4.192286193404136494e-04
4.214963119072708355e-04
4.249893752656183502e-04
4.276245456489202366e-04
4.314374056230675333e-04
4.359514640703334993e-04
4.392386530014641519e-04
4.420540779488690863e-04
4.440825993634815835e-04
4.483969807936626431e-04
4.562390692722986655e-04
4.594180704441041207e-04
4.673261157411013320e-04
4.719578384330999740e-04
4.765308553728853894e-04
2.405002405002405091e-04
2.425026271117937176e-04
2.454991816693944144e-04
2.469339040250226086e-04
2.492108323641801116e-04
2.512142019762183946e-04
2.531645569620253320e-04
2.547770700636942435e-04
2.571575518601062690e-04
2.598977735424066516e-04
2.622148413600209672e-04
2.635046113306982658e-04
2.652285385907523487e-04
2.668089647812166656e-04
2.680725583057814391e-04
2.704652001442481323e-04
2.722323049001815101e-04
2.767017155506363950e-04
2.777006387114690504e-04
2.836074872376630955e-04
2.862595419847328349e-04
2.900792883388126232e-04
2.914319020788809218e-04
2.935707994911439657e-04
2.973240832507433365e-04
3.023583954847812840e-04
3.037359522122101956e-04
0.000000000000000000e+00
0.000000000000000000e+00
0.000000000000000000e+00
0.000000000000000000e+00
0.000000000000000000e+00
0.000000000000000000e+00
0.000000000000000000e+00
0.000000000000000000e+00
0.000000000000000000e+00
0.000000000000000000e+00
0.000000000000000000e+00
0.000000000000000000e+00
0.000000000000000000e+00
0.000000000000000000e+00
0.000000000000000000e+00
0.000000000000000000e+00
0.000000000000000000e+00
0.000000000000000000e+00
0.000000000000000000e+00
0.000000000000000000e+00
0.000000000000000000e+00
0.000000000000000000e+00
0.000000000000000000e+00
0.000000000000000000e+00
0.000000000000000000e+00
0.000000000000000000e+00
0.000000000000000000e+00
0.000000000000000000e+00
0.000000000000000000e+00
0.000000000000000000e+00
0.000000000000000000e+00
0.000000000000000000e+00
0.000000000000000000e+00
0.000000000000000000e+00
0.000000000000000000e+00
0.000000000000000000e+00
0.000000000000000000e+00
0.000000000000000000e+00
0.000000000000000000e+00
0.000000000000000000e+00
0.000000000000000000e+00
0.000000000000000000e+00
0.000000000000000000e+00
0.000000000000000000e+00
0.000000000000000000e+00
0.000000000000000000e+00
0.000000000000000000e+00
0.000000000000000000e+00
0.000000000000000000e+00
0.000000000000000000e+00
0.000000000000000000e+00
0.000000000000000000e+00
0.000000000000000000e+00
0.000000000000000000e+00
0.000000000000000000e+00
0.000000000000000000e+00
0.000000000000000000e+00
0.000000000000000000e+00
0.000000000000000000e+00
0.000000000000000000e+00
0.000000000000000000e+00
0.000000000000000000e+00
0.000000000000000000e+00
0.000000000000000000e+00
0.000000000000000000e+00
0.000000000000000000e+00
0.000000000000000000e+00
0.000000000000000000e+00
0.000000000000000000e+00
0.000000000000000000e+00
0.000000000000000000e+00
